seller_name,raw_data,dump_time
AC-Electro,"{'product_1': {'ean': '4242005076321', 'title': ""BOSCH BGC05AAA2 Cleann'n aspirateur sans sac rouge - 78 dB - 28 kWh/an - (h)epa - 9m - 1,5L - brosse universelle - brosse parquet"", 'seller_price': '129\n€11', 'seller_name_fp': 'AC-Electro', 'captcha': '', 'seller_listing': '/mp-370335-auc4242005076321.html?Filter=New', 'product_image': ['https://www.cdiscount.com/pdt2/3/2/1/1/065x065/auc4242005076321/rw/bosch-bgc05aaa2-cleann-n-aspirateur-sans-sac-rouge.jpg', 'https://www.cdiscount.com/pdt2/3/2/1/2/065x065/auc4242005076321/rw/bosch-bgc05aaa2-cleann-n-aspirateur-sans-sac-rouge.jpg', 'https://www.cdiscount.com/pdt2/3/2/1/3/065x065/auc4242005076321/rw/bosch-bgc05aaa2-cleann-n-aspirateur-sans-sac-rouge.jpg', 'https://www.cdiscount.com/pdt2/3/2/1/4/065x065/auc4242005076321/rw/bosch-bgc05aaa2-cleann-n-aspirateur-sans-sac-rouge.jpg'], 'description': [""BOSCH - GS05 Cleann'n - aspirateur sans sac - rouge - 78 dB - 28 kWh/an - (h)epa - 9m - 1,5L - tube télescopique à crémaillère - brosse universelle - brosse parquet - acc."", '', 'PUBLICITÉ', 'Tableau de caractéristiques du produit', 'Caractéristique', 'Description', 'Informations générales sur le produit', 'Marque', 'BOSCH', '', 'Nom du produit', ""BOSCH BGC05AAA2 Cleann'n aspirateur sans sac rouge"", 'Catégorie', 'ASPIRATEUR TRAINEAU', 'Informations sur le produit', 'Indice de réparabilité', '8,7', 'durée de disponibilité des pièces détachées essentielles à l’utilisation du produit', '7 ans, A partir de la date de fabrication du produit.', 'Général', 'Type de produit', 'Aspirateur', 'Collecte des poussières', 'Sans sac', 'Capacité du collecteur', '1,5 L', 'Mode de nettoyage', 'Sec', 'Fonctions spéciales', ""L'air rejeté est propre grâce au système de filtration hygiénique ultra performant."", 'Type de filtre', 'EPA', 'Couleur', 'Rouge chili/noir', 'Type de nettoyant', 'Traineau', ""Type d'aspirateur"", 'Usage général', 'Classe de filtre', 'EPA E12', 'Consommation', 'Puissance électrique', '700 W', ""Type d'alimentation"", 'Secteur', 'Longueur du cordon', '6 m', 'Tension principale', '50/60 Hz', ""Consommation d'énergie annuelle"", '28 kWh', ""Puissance d'entrée nominale"", '700 Watt', 'Divers', ""Rayon d'action"", '9 m', 'Outils inclus', 'Petit suceur, Buse de suction', 'Niveau sonore maximum', '78 dB', 'Normes de conformité', 'Directive 665/2013/UE', 'Dimensions et poids', 'Largeur', '26.8 cm', 'Profondeur', '38.1 cm', 'Hauteur', '31.4 cm', 'Poids', '6 kg', 'Dimensions et poids (emballé)', 'Hauteur (Expédition)', '36.5 cm', 'Largeur (emballée)', '31 cm', 'Profondeur (emballée)', '53.5 cm', 'Poids (Expédition)', '8 kg', 'Attributs de recherche', 'Nettoyage|Mode de nettoyage', 'Sec', 'Vos garanties incluses', 'Garantie (²)', '2 ans', 'Observations', 'Dans le cas où une garantie commerciale est proposée par le vendeur, celle-ci ne fait pas obstacle à', 'l’application de la garantie légale de conformité et/ou à la garantie des vices cachés. Voir', 'conditions de cette garantie commerciale dans les CGV du vendeur et/ou dans les CGU Marketplace', ''], 'page_seller': '/mpvv-147145-AC-Electro.html', 'offer_count': '9 neufs', 'out_of_stock': '', 'sold': '', 'offers': [{'seller_price': '59\n€99', 'seller_name': 'Cdiscount', 'shipping_rate_price': 'Livraison à domicile ou en point retrait', 'expedition_country': '', 'sales_realized': '', 'seller_rating': '', 'state': 'Neuf'}, {'seller_price': '115\n€34', 'seller_name': 'ZOOMICI', 'shipping_rate_price': 'Gratuit', 'expedition_country': 'FRANCE', 'sales_realized': '163146', 'seller_rating': 'Évaluations(21452                            avis)\n4/5', 'state': 'Neuf'}, {'seller_price': '115\n€35', 'seller_name': 'ASdiscount', 'shipping_rate_price': 'Gratuit', 'expedition_country': 'FRANCE', 'sales_realized': '114574', 'seller_rating': 'Évaluations(39024                            avis)\n4,1/5', 'state': 'Neuf'}, {'seller_price': '118\n€17', 'seller_name': 'MILE SHOP', 'shipping_rate_price': 'Gratuit', 'expedition_country': 'CHINE', 'sales_realized': '26', 'seller_rating': 'Évaluation(0                            avis)\nAucun avis', 'state': 'Neuf'}, {'seller_price': '126\n€41', 'seller_name': 'Microlorge', 'shipping_rate_price': 'Gratuit', 'expedition_country': 'FRANCE', 'sales_realized': '920', 'seller_rating': 'Évaluations(19                            avis)\n2,9/5', 'state': 'Neuf'}, {'seller_price': '129\n€11', 'seller_name': 'AC-Electro', 'shipping_rate_price': 'Gratuit', 'expedition_country': 'BELGIQUE', 'sales_realized': '456', 'seller_rating': 'Évaluations(4                            avis)\n4,5/5', 'state': 'Neuf'}, {'seller_price': '142\n€99', 'seller_name': 'Yeppon', 'shipping_rate_price': 'Gratuit', 'expedition_country': 'ITALIE', 'sales_realized': '14337', 'seller_rating': 'Évaluations(783                            avis)\n4,2/5', 'state': 'Neuf'}, {'seller_price': '160\n€00', 'seller_name': '2YAAL', 'shipping_rate_price': 'Gratuit', 'expedition_country': 'FRANCE', 'sales_realized': '0', 'seller_rating': 'Évaluation(0                            avis)\nAucun avis', 'state': 'Neuf'}, {'seller_price': '149\n€91', 'seller_name': 'Best Digit', 'shipping_rate_price': '19,00€', 'expedition_country': 'ITALIE', 'sales_realized': '4623', 'seller_rating': 'Évaluations(161                            avis)\n4,4/5', 'state': 'Neuf'}, {'seller_price': '172\n€99', 'seller_name': 'Mondo Top', 'shipping_rate_price': 'Gratuit', 'expedition_country': 'ITALIE', 'sales_realized': '3033', 'seller_rating': 'Évaluations(210                            avis)\n3,9/5', 'state': 'Neuf'}], 'prouct_sheet_link': 'https://www.cdiscount.com/electromenager/aspirateurs-nettoyeurs/bosch-bgc05aaa2-cleann-n-aspirateur-sans-sac-rouge/f-1101423-auc4242005076321.html?idOffre=1751257059#mpos=0|mp'}, 'product_2': {'ean': '3221616000230', 'title': ""ROWENTA Aspirateur sans sac, Capacité 2,5 L, Facile à vider, Tête d'aspiration ultra performante, Compact Power XXL RO4811EA"", 'seller_price': '108\n€55', 'seller_name_fp': 'AC-Electro', 'captcha': '', 'seller_listing': '/mp-370335-rowro4811ea.html?Filter=New', 'product_image': ['https://www.cdiscount.com/pdt2/1/e/a/1/065x065/rowro4811ea/rw/rowenta-aspirateur-sans-sac-capacite-2-5-l-facil.jpg', 'https://www.cdiscount.com/pdt2/1/e/a/2/065x065/rowro4811ea/rw/rowenta-aspirateur-sans-sac-capacite-2-5-l-facil.jpg', 'https://www.cdiscount.com/pdt2/1/e/a/3/065x065/rowro4811ea/rw/rowenta-aspirateur-sans-sac-capacite-2-5-l-facil.jpg', 'https://www.cdiscount.com/pdt2/1/e/a/4/065x065/rowro4811ea/rw/rowenta-aspirateur-sans-sac-capacite-2-5-l-facil.jpg', 'https://www.cdiscount.com/pdt2/1/e/a/5/065x065/rowro4811ea/rw/rowenta-aspirateur-sans-sac-capacite-2-5-l-facil.jpg'], 'description': [""ROWENTA Aspirateur sans sac, Capacité 2,5 L, Facile à vider, Tête d'aspiration ultra performante, Compact Power XXL RO4811EA"", '', 'PUBLICITÉ', 'Tableau de caractéristiques du produit', 'Caractéristique', 'Description', 'Informations générales sur le produit', 'Marque', 'ROWENTA', '', 'Nom du produit', 'ROWENTA Aspirateur sans sac, Capacité 2,5 L, Facil', 'Catégorie', 'ASPIRATEUR TRAINEAU', 'Référence', 'RO4811EA', 'Informations sur le produit', 'Indice de réparabilité', '9,3', 'Général', 'Collecte des poussières', 'Aspirateur sans sac cyclonique', 'Capacité du collecteur', 'Réservoir Extra Large : 2,5L', 'Mode de nettoyage', 'Aspire en profondeur. Convient à tous types de sols : parquet, sols durs, fragiles, tapis et moquettes.', 'Fonctions spéciales', ""Système 'clean express' : retirez/videz votre bac à poussières sans le moindre effort."", 'Garanti 2 ans, réparable pendant 10 ans.', 'Type de filtre', '3 niveaux de filtration : cyclonique + filtre mousse + filtre permanent haute efficacité.', 'Consommation', 'Puissance électrique', ""Moteur puissant spécial basse consommation d'énergie 'Effitech' à 550W, sans compromis sur la performance. Capture 99,98 % de la poussière aspirée"", 'Longueur du cordon', 'Extra long 6,2m.', ""Maniable grâce à ses 3 roues dont 2 grandes à l'arrière. Large rayon d'action 8,8m"", 'Divers', 'Outils inclus', ""Tête d'aspiration haute efficacité 2 positions avec brossette multi-usage intégrée et poignée rétractable"", 'Niveau sonore maximum', 'Silencieux : 75 dB(A)', 'Vos garanties incluses', 'Garantie (²)', '2 ans', 'Observations', 'Dans le cas où une garantie commerciale est proposée par le vendeur, celle-ci ne fait pas obstacle à', 'l’application de la garantie légale de conformité et/ou à la garantie des vices cachés. Voir', 'conditions de cette garantie commerciale dans les CGV du vendeur et/ou dans les CGU Marketplace', ''], 'page_seller': '/mpvv-147145-AC-Electro.html', 'offer_count': '9 neufs', 'out_of_stock': '', 'sold': '', 'offers': [{'seller_price': '79\n€99', 'seller_name': 'Cdiscount', 'shipping_rate_price': 'Livraison à domicile ou en point retrait', 'expedition_country': '', 'sales_realized': '', 'seller_rating': '', 'state': 'Neuf'}, {'seller_price': '127\n€66', 'seller_name': 'MILE SHOP', 'shipping_rate_price': 'Gratuit', 'expedition_country': 'CHINE', 'sales_realized': '26', 'seller_rating': 'Évaluation(0                            avis)\nAucun avis', 'state': 'Neuf'}, {'seller_price': '129\n€40', 'seller_name': 'yes-Promo', 'shipping_rate_price': 'Gratuit', 'expedition_country': 'ESTONIE', 'sales_realized': '510', 'seller_rating': 'Évaluation(1                            avis)\n1/5', 'state': 'Neuf'}, {'seller_price': '137\n€40', 'seller_name': 'Trending Utopic', 'shipping_rate_price': 'Gratuit', 'expedition_country': 'ESPAGNE', 'sales_realized': '4261', 'seller_rating': 'Évaluations(88                            avis)\n3,8/5', 'state': 'Neuf'}, {'seller_price': '139\n€92', 'seller_name': 'Fexy-shop', 'shipping_rate_price': 'Gratuit', 'expedition_country': 'ALLEMAGNE', 'sales_realized': '2567', 'seller_rating': 'Évaluations(72                            avis)\n3,8/5', 'state': 'Neuf'}, {'seller_price': '150\n€20', 'seller_name': 'GLD Group', 'shipping_rate_price': 'Gratuit', 'expedition_country': 'FRANCE', 'sales_realized': '27', 'seller_rating': 'Évaluation(0                            avis)\nAucun avis', 'state': 'Neuf'}, {'seller_price': '154\n€10', 'seller_name': 'TOUT-POUR-LA-MAISON', 'shipping_rate_price': 'Gratuit', 'expedition_country': 'FRANCE', 'sales_realized': '2212', 'seller_rating': 'Évaluations(430                            avis)\n3,2/5', 'state': 'Neuf'}, {'seller_price': '160\n€46', 'seller_name': 'eurekabelle', 'shipping_rate_price': 'Gratuit', 'expedition_country': 'BELGIQUE', 'sales_realized': '5', 'seller_rating': 'Évaluation(0                            avis)\nAucun avis', 'state': 'Neuf'}, {'seller_price': '108\n€55', 'seller_name': 'AC-Electro', 'shipping_rate_price': 'Gratuit', 'expedition_country': 'BELGIQUE', 'sales_realized': '453', 'seller_rating': 'Évaluations(4                            avis)\n4,5/5', 'state': 'Neuf'}], 'prouct_sheet_link': 'https://www.cdiscount.com/electromenager/aspirateurs-nettoyeurs/rowenta-aspirateur-sans-sac-capacite-2-5-l-facil/f-1101423-rowro4811ea.html?idOffre=2342395368#mpos=0|mp'}, 'product_3': {'ean': '6941812717479', 'title': 'XIAOMI Redmi Note 12 128Go 4G Bleu', 'seller_price': '304\n€01', 'seller_name_fp': 'AC-Electro', 'captcha': '', 'seller_listing': '/mp-3616-xia6941812717479.html?Filter=New', 'product_image': ['https://www.cdiscount.com/pdt2/4/7/9/1/065x065/xia6941812717479/rw/xiaomi-redmi-note-12-128go-4g-bleu.jpg', 'https://www.cdiscount.com/pdt2/4/7/9/2/065x065/xia6941812717479/rw/xiaomi-redmi-note-12-128go-4g-bleu.jpg', 'https://www.cdiscount.com/pdt2/4/7/9/3/065x065/xia6941812717479/rw/xiaomi-redmi-note-12-128go-4g-bleu.jpg', 'https://www.cdiscount.com/pdt2/4/7/9/4/065x065/xia6941812717479/rw/xiaomi-redmi-note-12-128go-4g-bleu.jpg', 'https://www.cdiscount.com/pdt2/4/7/9/5/065x065/xia6941812717479/rw/xiaomi-redmi-note-12-128go-4g-bleu.jpg', 'https://www.cdiscount.com/pdt2/4/7/9/6/065x065/xia6941812717479/rw/xiaomi-redmi-note-12-128go-4g-bleu.jpg'], 'description': ['XIAOMI REDMI NOTE 12 4 128GO BLEU', '', 'PUBLICITÉ', 'Tableau de caractéristiques du produit', 'Caractéristique', 'Description', 'Informations générales sur le produit', 'Marque', 'XIAOMI', '', 'Nom du produit', 'XIAOMI Redmi Note 12 128Go 4G Bleu', 'Catégorie', 'SMARTPHONE', 'Référence', 'REDMINOTE124128B', 'Informations sur le produit', 'Sous-état', 'Neuf', 'Couleur(s)', 'Bleu', 'durée de disponibilité des pièces détachées essentielles à l’utilisation du produit', 'Pendant 5 ans, à compter de la date fin de commercialisation', 'Objet connecté', 'Oui', 'Information DAS', 'Le DAS (débit d’absorption spécifique) des téléphones mobiles quantifie le niveau d’exposition', 'maximal de l’utilisateur aux ondes électromagnétiques, pour une utilisation à l’oreille.', 'La réglementation française impose que le DAS ne dépasse pas 2W/kg', 'Capacité (mémoire)', '128 Go et 4G de RAM', 'Stockage extensible jusqu’à 1 TB', 'Indice de réparabilité', '7,5', 'Général', 'Type de produit', 'Smartphone', 'Facteur de forme', 'Tactile', 'Composants intégrés', 'Compatible radio FM (avec écouteurs)', 'Modèle de téléphone', 'Redmi Note 12', 'Résistance', 'Résistance à l’eau et à la poussière IP53', 'Couleur du boitier', 'Bleu', 'Livré avec', 'Chargeur 33W', 'Poids', '183,5 g', 'Valeur DAS', 'Tête : 0,900 W/Kg', 'Corps : 0,995 W/Kg (5 mm de distance)', 'Membres : 2,550 W/Kg (0 mm de distance)', 'Coloris disponibles', 'Gris, bleu et vert', 'Protection', 'Résistance à l’eau et à la poussière IP53', 'Format', 'Tactile', 'Détails des dimensions', '156,66 x 75,96 x 7,85 mm', ""Système d'exploitation"", 'Android 13', 'Type de Produit', 'Smartphone', 'Téléphone mobile', ""Système d'exploitation"", 'Android 13', 'Technologie', 'GSM / WCDMA / LTE FDD /LTE TDD', 'Génération à haut débit mobile', '4G', 'Bande', '2G : GSM : B2/3/5/8', '3G : WCDMA : B1/5/8', '4G : LTE FDD : B1/3/5/7/8/20/26/28/32', '4G : LTE TDD : B38/40/41', 'Type de carte SIM', 'Dual SIM', 'Qté de fentes de carte SIM', 'Emplacement Dual SIM + microSD', 'Détails de configuration de carte SIM', 'Dual SIM', 'Qté de carte SIM', '2', 'Processeur', 'Type', 'Snapdragon', 'Processeur', 'Snapdragon', 'Affichage', ""Taille d'écran"", '6,67""', 'Technologie', 'FHD+', 'Résolution écran', '2400 x 1080', 'Caractéristiques', 'Plus de 16 millions de couleurs', 'Gamme de couleurs : DCI-P3', 'Rapport de contraste', '4 500 000 :1', 'Protection', 'Lecteur d’empreinte digitale latéral', 'Déverrouillage par reconnaissance faciale', 'Luminosité maximum', 'Luminosité : 700 nits (HBM)', 'Taille de la diagonale', 'FHD+ de 6,67’’', ""Résolution d'écran"", '2400 x 1080', 'Diagonale', '6,67""', 'Pliable', 'Non', 'Fréquence de rafraichissement', '120 Hz AdaptiveSync', 'Ecran tactile', 'Oui', 'Résolution', '2400 x 1080', 'Communications', 'Interface sans fil', 'Bluetooth 5.0', 'Wi-Fi (2.4GHz/5GHz)', 'NFC', 'Profils Bluetooth', '5.0', 'Transmission des données', 'USB Type-C', 'Bande LTE', '4G : LTE FDD : B1/3/5/7/8/20/26/28/32', '4G : LTE TDD : B38/40/41', '2G Band', 'GSM : B2/3/5/8', '4G LTE Band', 'LTE FDD : B1/3/5/7/8/20/26/28/32', 'LTE TDD : B38/40/41', 'Bande 2G', 'GSM : B2/3/5/8', 'Bande 4G LTE', 'LTE FDD : B1/3/5/7/8/20/26/28/32', 'LTE TDD : B38/40/41', 'Connectivité sans fil', 'Bluetooth 5.0', 'Wi-Fi (2.4GHz/5GHz)', 'NFC', 'Caractéristiques du téléphone', 'Prise en charge double carte SIM', 'Oui', 'Caractéristiques supplémentaires', 'Lecteur d’empreinte digitale latéral', 'Déverrouillage par reconnaissance faciale', 'Emetteur infrarouge', 'Compatible radio FM (avec écouteurs)', 'Technologie de sécurité', 'Lecteur d’empreinte digitale latéral', 'Déverrouillage par reconnaissance faciale', 'Lecteur multimédia', 'Amplificateur audio', 'Double haut-parleur', 'Mémoire', 'RAM', 'RAM LPDDR4X', 'ROM', 'Stockage UFS 2.2', 'Cartes mémoire flash prises en charge', 'microSD', 'Mémoire intégrée', '128 Go', 'Capacité de la mémoire interne', '128 Go', 'Stockage', ""128 Go extensible jusqu'à 1000Go"", 'Connexions', 'Type de connecteur', 'Prise casque 3,5 mm', 'Batterie', 'Technologie', 'Li-Po', 'Capacité', '5000 mAh (typ)', 'Autonomie', ""Jusqu'à 2 jours"", 'Temps de recharge', 'Charge filaire 33W', 'Divers', 'Caractéristiques', 'Compatible radio FM (avec écouteurs)', 'Triple caméra 50MP avec IA : Objectifs ultra grand-angle et macro', 'Couleur', 'Bleu', 'Caméra avant', 'Résolution du capteur', '13 MP', 'Détection faciale', 'Oui', 'Caméra arrière', 'Résolution du capteur', 'Objectif principal de 50MP avec IA', 'Objectif ultra grand angle de 8MP', 'Objectif macro de 2MP', 'Dimensions et poids (emballé)', 'Largeur emballée', '9 cm', 'Hauteur emballée', '5,58 cm', 'Poids emballé', '0,465 kg', 'Vos garanties incluses', 'Garantie (²)', '2 ans', 'Observations', 'Dans le cas où une garantie commerciale est proposée par le vendeur, celle-ci ne fait pas obstacle à', 'l’application de la garantie légale de conformité et/ou à la garantie des vices cachés. Voir', 'conditions de cette garantie commerciale dans les CGV du vendeur et/ou dans les CGU Marketplace', 'Ecran (non déplié)', ""Résolution de l'écran"", '2400 x 1080 pixels', 'Taille de la diagonale', '6,67""', 'Extension et connectivité', 'Interfaces', 'Bluetooth 5.0', 'Wi-Fi (2.4GHz/5GHz)', 'NFC', 'Dimensions et poids', 'Poids', '183,5 g', ''], 'page_seller': '/mpvv-147145-AC-Electro.html', 'offer_count': '39 neufs', 'out_of_stock': '', 'sold': '', 'offers': [{'seller_price': '156\n€00', 'seller_name': 'futureMall', 'shipping_rate_price': 'Gratuit', 'expedition_country': 'FRANCE', 'sales_realized': '28', 'seller_rating': 'Évaluation(0                            avis)\nAucun avis', 'state': 'Neuf'}, {'seller_price': '144\n€56', 'seller_name': 'MILife Mall', 'shipping_rate_price': '12,99€', 'expedition_country': 'ALLEMAGNE', 'sales_realized': '3070', 'seller_rating': 'Évaluations(28                            avis)\n4,5/5', 'state': 'Neuf'}, {'seller_price': '159\n€00', 'seller_name': 'Miberia', 'shipping_rate_price': 'Gratuit', 'expedition_country': '', 'sales_realized': '4313', 'seller_rating': 'Évaluations(83                            avis)\n4,7/5', 'state': 'Neuf'}, {'seller_price': '159\n€29', 'seller_name': 'STARK INDUSTRIES', 'shipping_rate_price': 'Gratuit', 'expedition_country': '', 'sales_realized': '', 'seller_rating': '', 'state': 'Neuf'}, {'seller_price': '159\n€30', 'seller_name': 'CR TRADING', 'shipping_rate_price': 'Gratuit', 'expedition_country': '', 'sales_realized': '2965', 'seller_rating': 'Évaluations(13                            avis)\n4,5/5', 'state': 'Neuf'}, {'seller_price': '159\n€00', 'seller_name': 'Sanmi-fr', 'shipping_rate_price': '0,99€', 'expedition_country': 'ALLEMAGNE', 'sales_realized': '', 'seller_rating': '', 'state': 'Neuf'}, {'seller_price': '156\n€00', 'seller_name': 'ELIAZON', 'shipping_rate_price': '6,00€', 'expedition_country': 'PAYS-BAS', 'sales_realized': '8202', 'seller_rating': 'Évaluations(13                            avis)\n4,5/5', 'state': 'Neuf'}, {'seller_price': '168\n€47', 'seller_name': 'DistribNet', 'shipping_rate_price': '8,77€', 'expedition_country': 'FRANCE', 'sales_realized': '', 'seller_rating': '', 'state': 'Neuf'}, {'seller_price': '169\n€27', 'seller_name': 'Fexy-shop', 'shipping_rate_price': '8,70€', 'expedition_country': 'ALLEMAGNE', 'sales_realized': '4375', 'seller_rating': 'Évaluations(50                            avis)\n4,2/5', 'state': 'Neuf'}, {'seller_price': '179\n€70', 'seller_name': 'Trending Utopic', 'shipping_rate_price': 'Gratuit', 'expedition_country': 'ESPAGNE', 'sales_realized': '37217', 'seller_rating': 'Évaluations(619                            avis)\n4,3/5', 'state': 'Neuf'}], 'prouct_sheet_link': 'https://www.cdiscount.com/telephonie/telephone-mobile/xiaomi-redmi-note-12-128go-4g-bleu/f-1440402-xia6941812717479.html?idOffre=2608938736#mpos=0|mp'}, 'product_4': {'ean': '5099206057302', 'title': 'LOGITECH G29 Driving Force Volant de Course - Compatible  PS5 - PS4 et PC', 'seller_price': '259\n€44', 'seller_name_fp': 'AC-Electro', 'captcha': '', 'seller_listing': '/mp-22392-941000112.html', 'product_image': ['https://www.cdiscount.com/pdt2/1/1/2/1/065x065/941000112/rw/logitech-g29-driving-force-volant-de-course-comp.jpg', 'https://www.cdiscount.com/pdt2/1/1/2/2/065x065/941000112/rw/logitech-g29-driving-force-volant-de-course-comp.jpg', 'https://www.cdiscount.com/pdt2/1/1/2/3/065x065/941000112/rw/logitech-g29-driving-force-volant-de-course-comp.jpg', 'https://www.cdiscount.com/pdt2/1/1/2/4/065x065/941000112/rw/logitech-g29-driving-force-volant-de-course-comp.jpg', 'https://www.cdiscount.com/pdt2/1/1/2/5/065x065/941000112/rw/logitech-g29-driving-force-volant-de-course-comp.jpg', 'https://www.cdiscount.com/pdt2/1/1/2/6/065x065/941000112/rw/logitech-g29-driving-force-volant-de-course-comp.jpg', 'https://www.cdiscount.com/pdt2/1/1/2/7/065x065/941000112/rw/logitech-g29-driving-force-volant-de-course-comp.jpg', 'https://www.cdiscount.com/pdt2/1/1/2/8/065x065/941000112/rw/logitech-g29-driving-force-volant-de-course-comp.jpg'], 'description': ['Driving Force G29 est le matériel de simulation de course ultime, avec retour de force réaliste, engrenages hélicoïdaux et pédales à sensation, conçu exclusivement pour les nouveaux jeux PlayStation 5, PlayStation 4 et PC.', '', 'PUBLICITÉ', 'Tableau de caractéristiques du produit', 'Caractéristique', 'Description', 'Informations générales sur le produit', 'Marque', 'LOGITECH G', '', 'Nom du produit', 'LOGITECH G29 Driving Force Volant de Course - Comp', 'Catégorie', 'VOLANT PC', 'Référence', '941-000112', 'Informations sur le produit', 'Notes', 'Volant :', 'Hauteur : 27 cm', 'Largeur : 26 cm', 'Longueur : 27,8 cm', 'Poids sans câble : 2,25 kg', 'Pédale :', 'Hauteur : 16,7 cm', 'Largeur : 42,85 cm', 'Profondeur : 31,1 cm', 'Poids sans câble : 3,1 kg', 'Général', 'Type de produit', 'Ensemble volant et pédales', 'Caractéristiques', 'Rotation du volant à 900 degrés', 'Technologie de connectivité', 'Filaire', 'Interface', 'USB', 'Information de compatibilité', 'Conçu pour', 'Sony PlayStation 3, Sony PlayStation 4, Sony PlayStation 5', 'Détails de contrôleur de jeu (1er)', 'Type', 'Volant', 'Caractéristiques', ""Retour de force, LED d'état"", 'Commandes', 'Pavé directionnel, pédales de boitier de vitesse, touche Maj', 'Détails de contrôleur de jeu (2ème)', 'Type', 'Pédales', 'Fonctionnalités', 'Etalonnage automatique, carpet grip system', 'Configuration requise', ""Système d'exploitation requis"", 'Microsoft Windows 7 / 8 / 8.1 / 10, Apple MacOS X 10.10 ou plus récent', 'Divers', 'Accessoires inclus', ""Adaptateur d'alimentation"", 'Garantie du fabricant', 'Service et maintenance', 'Garantie limitée - 2 ans', 'Vos garanties incluses', 'Garantie (²)', '2 ans', 'Observations', 'Dans le cas où une garantie commerciale est proposée par le vendeur, celle-ci ne fait pas obstacle à', 'l’application de la garantie légale de conformité et/ou à la garantie des vices cachés. Voir', ''], 'page_seller': '/mpvv-147145-AC-Electro.html', 'offer_count': '26 neufs et 1 occasion', 'out_of_stock': '', 'sold': '', 'offers': [{'seller_price': '259\n€44', 'seller_name': 'AC-Electro', 'shipping_rate_price': 'Gratuit', 'expedition_country': 'BELGIQUE', 'sales_realized': '453', 'seller_rating': 'Évaluations(4                            avis)\n4,5/5', 'state': 'Neuf'}, {'seller_price': '249\n€99', 'seller_name': 'SK3P', 'shipping_rate_price': '10,00€', 'expedition_country': 'FRANCE', 'sales_realized': '232', 'seller_rating': 'Évaluations(16                            avis)\n3,4/5', 'state': 'Occasion - Très bon état'}, {'seller_price': '259\n€99', 'seller_name': 'Cdiscount', 'shipping_rate_price': '(1)', 'expedition_country': '', 'sales_realized': '', 'seller_rating': '', 'state': 'Livraison gratuite'}, {'seller_price': '289\n€95', 'seller_name': 'YDIS', 'shipping_rate_price': 'Gratuit', 'expedition_country': 'FRANCE', 'sales_realized': '7128', 'seller_rating': 'Évaluations(260                            avis)\n4,6/5', 'state': 'Neuf'}, {'seller_price': '328\n€58', 'seller_name': 'Le Petit KStore', 'shipping_rate_price': 'Gratuit', 'expedition_country': 'FRANCE', 'sales_realized': '5958', 'seller_rating': 'Évaluations(125                            avis)\n4,1/5', 'state': 'Neuf'}, {'seller_price': '318\n€88', 'seller_name': 'MILE SHOP', 'shipping_rate_price': '10,00€', 'expedition_country': 'CHINE', 'sales_realized': '26', 'seller_rating': 'Évaluation(0                            avis)\nAucun avis', 'state': 'Neuf'}, {'seller_price': '333\n€16', 'seller_name': 'ALPEXE France', 'shipping_rate_price': 'Gratuit', 'expedition_country': 'FRANCE', 'sales_realized': '31640', 'seller_rating': 'Évaluations(9837                            avis)\n4,1/5', 'state': 'Neuf'}, {'seller_price': '321\n€04', 'seller_name': 'To B To C', 'shipping_rate_price': '22,00€', 'expedition_country': 'ITALIE', 'sales_realized': '937', 'seller_rating': 'Évaluations(37                            avis)\n3,4/5', 'state': 'Neuf'}, {'seller_price': '345\n€98', 'seller_name': 'BEEGO', 'shipping_rate_price': 'Gratuit', 'expedition_country': 'FRANCE', 'sales_realized': '437', 'seller_rating': 'Évaluations(98                            avis)\n4,1/5', 'state': 'Neuf'}, {'seller_price': '346\n€71', 'seller_name': 'Soderus', 'shipping_rate_price': 'Gratuit', 'expedition_country': 'LITUANIE', 'sales_realized': '162', 'seller_rating': 'Évaluation(1                            avis)\n1/5', 'state': 'Neuf'}], 'prouct_sheet_link': 'https://www.cdiscount.com/informatique/gaming/logitech-g29-driving-force-volant-de-course-comp/f-107140306-941000112.html?idOffre=1878841003#mpos=0|mp'}, 'product_5': {'ean': '6941812716922', 'title': 'XIAOMI Redmi Note 12 128Go 4G Gris', 'seller_price': '304\n€01', 'seller_name_fp': 'AC-Electro', 'captcha': '', 'seller_listing': '/mp-3616-xia6941812716922.html?Filter=New', 'product_image': ['https://www.cdiscount.com/pdt2/9/2/2/1/065x065/xia6941812716922/rw/xiaomi-redmi-note-12-128go-4g-gris.jpg', 'https://www.cdiscount.com/pdt2/9/2/2/2/065x065/xia6941812716922/rw/xiaomi-redmi-note-12-128go-4g-gris.jpg', 'https://www.cdiscount.com/pdt2/9/2/2/3/065x065/xia6941812716922/rw/xiaomi-redmi-note-12-128go-4g-gris.jpg', 'https://www.cdiscount.com/pdt2/9/2/2/4/065x065/xia6941812716922/rw/xiaomi-redmi-note-12-128go-4g-gris.jpg', 'https://www.cdiscount.com/pdt2/9/2/2/5/065x065/xia6941812716922/rw/xiaomi-redmi-note-12-128go-4g-gris.jpg'], 'description': ['XIAOMI REDMI NOTE 12 4 128GO GRIS', '', 'PUBLICITÉ', 'Tableau de caractéristiques du produit', 'Caractéristique', 'Description', 'Informations générales sur le produit', 'Marque', 'XIAOMI', '', 'Nom du produit', 'XIAOMI Redmi Note 12 128Go 4G Gris', 'Catégorie', 'SMARTPHONE', 'Référence', 'REDMINOTE124128G', 'Informations sur le produit', 'Sous-état', 'Neuf', 'Couleur(s)', 'Gris', 'durée de disponibilité des pièces détachées essentielles à l’utilisation du produit', 'Pendant 5 ans, à compter de la date fin de commercialisation', 'Objet connecté', 'Oui', 'Information DAS', 'Le DAS (débit d’absorption spécifique) des téléphones mobiles quantifie le niveau d’exposition', 'maximal de l’utilisateur aux ondes électromagnétiques, pour une utilisation à l’oreille.', 'La réglementation française impose que le DAS ne dépasse pas 2W/kg', 'Capacité (mémoire)', '128 Go et 4G de RAM', 'Stockage extensible jusqu’à 1 TB', 'Indice de réparabilité', '7,5', 'Général', 'Type de produit', 'Smartphone', 'Facteur de forme', 'Tactile', 'Composants intégrés', 'Compatible radio FM (avec écouteurs)', 'Modèle de téléphone', 'Redmi Note 12', 'Résistance', 'Résistance à l’eau et à la poussière IP53', 'Couleur du boitier', 'Gris', 'Livré avec', 'Chargeur 33W', 'Poids', '183,5 g', 'Valeur DAS', 'Tête : 0,900 W/Kg', 'Corps : 0,995 W/Kg (5 mm de distance)', 'Membres : 2,550 W/Kg (0 mm de distance)', 'Coloris disponibles', 'Gris, bleu et vert', 'Protection', 'Résistance à l’eau et à la poussière IP53', 'Format', 'Tactile', 'Détails des dimensions', '156,66 x 75,96 x 7,85 mm', ""Système d'exploitation"", 'Android 13', 'Type de Produit', 'Smartphone', 'Téléphone mobile', ""Système d'exploitation"", 'Android 13', 'Technologie', 'GSM / WCDMA / LTE FDD /LTE TDD', 'Génération à haut débit mobile', '4G', 'Bande', '2G : GSM : B2/3/5/8', '3G : WCDMA : B1/5/8', '4G : LTE FDD : B1/3/5/7/8/20/26/28/32', '4G : LTE TDD : B38/40/41', 'Type de carte SIM', 'Dual SIM', 'Qté de fentes de carte SIM', 'Emplacement Dual SIM + microSD', 'Détails de configuration de carte SIM', 'Dual SIM', 'Qté de carte SIM', '2', 'Processeur', 'Type', 'Snapdragon', 'Processeur', 'Snapdragon', 'Affichage', ""Taille d'écran"", '6,67""', 'Technologie', 'FHD+', 'Résolution écran', '2400 x 1080', 'Caractéristiques', 'Plus de 16 millions de couleurs', 'Gamme de couleurs : DCI-P3', 'Rapport de contraste', '4 500 000 :1', 'Protection', 'Lecteur d’empreinte digitale latéral', 'Déverrouillage par reconnaissance faciale', 'Luminosité maximum', 'Luminosité : 700 nits (HBM)', 'Taille de la diagonale', 'FHD+ de 6,67’’', ""Résolution d'écran"", '2400 x 1080', 'Diagonale', '6,67""', 'Pliable', 'Non', 'Fréquence de rafraichissement', '120 Hz AdaptiveSync', 'Ecran tactile', 'Oui', 'Résolution', '2400 x 1080', 'Communications', 'Interface sans fil', 'Bluetooth 5.0', 'Wi-Fi (2.4GHz/5GHz)', 'NFC', 'Profils Bluetooth', '5.0', 'Transmission des données', 'USB Type-C', 'Bande LTE', '4G : LTE FDD : B1/3/5/7/8/20/26/28/32', '4G : LTE TDD : B38/40/41', '2G Band', 'GSM : B2/3/5/8', '4G LTE Band', 'LTE FDD : B1/3/5/7/8/20/26/28/32', 'LTE TDD : B38/40/41', 'Bande 2G', 'GSM : B2/3/5/8', 'Bande 4G LTE', 'LTE FDD : B1/3/5/7/8/20/26/28/32', 'LTE TDD : B38/40/41', 'Connectivité sans fil', 'Bluetooth 5.0', 'Wi-Fi (2.4GHz/5GHz)', 'NFC', 'Caractéristiques du téléphone', 'Prise en charge double carte SIM', 'Oui', 'Caractéristiques supplémentaires', 'Lecteur d’empreinte digitale latéral', 'Déverrouillage par reconnaissance faciale', 'Emetteur infrarouge', 'Compatible radio FM (avec écouteurs)', 'Technologie de sécurité', 'Lecteur d’empreinte digitale latéral', 'Déverrouillage par reconnaissance faciale', 'Lecteur multimédia', 'Amplificateur audio', 'Double haut-parleur', 'Mémoire', 'RAM', 'RAM LPDDR4X', 'ROM', 'Stockage UFS 2.2', 'Cartes mémoire flash prises en charge', 'microSD', 'Mémoire intégrée', '128 Go', 'Capacité de la mémoire interne', '128 Go', 'Stockage', ""128 Go extensible jusqu'à 1000Go"", 'Connexions', 'Type de connecteur', 'Prise casque 3,5 mm', 'Batterie', 'Technologie', 'Li-Po', 'Capacité', '5000 mAh (typ)', 'Autonomie', ""Jusqu'à 2 jours"", 'Temps de recharge', 'Charge filaire 33W', 'Divers', 'Caractéristiques', 'Compatible radio FM (avec écouteurs)', 'Triple caméra 50MP avec IA : Objectifs ultra grand-angle et macro', 'Couleur', 'Gris', 'Caméra avant', 'Résolution du capteur', '13 MP', 'Détection faciale', 'Oui', 'Caméra arrière', 'Résolution du capteur', 'Objectif principal de 50MP avec IA', 'Objectif ultra grand angle de 8MP', 'Objectif macro de 2MP', 'Dimensions et poids (emballé)', 'Largeur emballée', '9 cm', 'Hauteur emballée', '5,58 cm', 'Poids emballé', '0,465 kg', 'Vos garanties incluses', 'Garantie (²)', '2 ans', 'Observations', 'Dans le cas où une garantie commerciale est proposée par le vendeur, celle-ci ne fait pas obstacle à', 'l’application de la garantie légale de conformité et/ou à la garantie des vices cachés. Voir', 'conditions de cette garantie commerciale dans les CGV du vendeur et/ou dans les CGU Marketplace', 'Ecran (non déplié)', ""Résolution de l'écran"", '2400 x 1080 pixels', 'Taille de la diagonale', '6,67""', 'Extension et connectivité', 'Interfaces', 'Bluetooth 5.0', 'Wi-Fi (2.4GHz/5GHz)', 'NFC', 'Dimensions et poids', 'Poids', '183,5 g', ''], 'page_seller': '/mpvv-147145-AC-Electro.html', 'offer_count': '43 neufs', 'out_of_stock': '', 'sold': '', 'offers': [{'seller_price': '151\n€50', 'seller_name': 'ELIAZON', 'shipping_rate_price': '6,00€', 'expedition_country': 'PAYS-BAS', 'sales_realized': '37134', 'seller_rating': 'Évaluations(619                            avis)\n4,3/5', 'state': 'Neuf'}, {'seller_price': '159\n€19', 'seller_name': 'STARK INDUSTRIES', 'shipping_rate_price': 'Gratuit', 'expedition_country': '', 'sales_realized': '3135', 'seller_rating': 'Évaluations(13                            avis)\n4,5/5', 'state': 'Neuf'}, {'seller_price': '159\n€89', 'seller_name': 'Miberia', 'shipping_rate_price': 'Gratuit', 'expedition_country': '', 'sales_realized': '', 'seller_rating': '', 'state': 'Neuf'}, {'seller_price': '169\n€99', 'seller_name': 'Mi Connecte', 'shipping_rate_price': 'Gratuit', 'expedition_country': 'FRANCE', 'sales_realized': '4342', 'seller_rating': 'Évaluations(83                            avis)\n4,7/5', 'state': 'Neuf'}, {'seller_price': '168\n€36', 'seller_name': 'DistribNet', 'shipping_rate_price': '7,44€', 'expedition_country': 'FRANCE', 'sales_realized': '', 'seller_rating': '', 'state': 'Neuf'}, {'seller_price': '169\n€17', 'seller_name': 'Fexy-shop', 'shipping_rate_price': '7,38€', 'expedition_country': 'ALLEMAGNE', 'sales_realized': '193', 'seller_rating': 'Évaluation(0                            avis)\nAucun avis', 'state': 'Neuf'}, {'seller_price': '178\n€30', 'seller_name': 'Trending Utopic', 'shipping_rate_price': 'Gratuit', 'expedition_country': 'ESPAGNE', 'sales_realized': '8671', 'seller_rating': 'Évaluations(1201                            avis)\n4,2/5', 'state': 'Neuf'}, {'seller_price': '170\n€99', 'seller_name': 'BLAN SRL', 'shipping_rate_price': '7,56€', 'expedition_country': 'ITALIE', 'sales_realized': '2567', 'seller_rating': 'Évaluations(72                            avis)\n3,8/5', 'state': 'Neuf'}, {'seller_price': '179\n€80', 'seller_name': 'arrivapresto', 'shipping_rate_price': 'Gratuit', 'expedition_country': 'ESPAGNE', 'sales_realized': '4261', 'seller_rating': 'Évaluations(88                            avis)\n3,8/5', 'state': 'Neuf'}, {'seller_price': '182\n€33', 'seller_name': 'Treat Srores', 'shipping_rate_price': 'Gratuit', 'expedition_country': 'ESPAGNE', 'sales_realized': '56', 'seller_rating': 'Évaluation(0                            avis)\nAucun avis', 'state': 'Neuf'}], 'prouct_sheet_link': 'https://www.cdiscount.com/telephonie/telephone-mobile/xiaomi-redmi-note-12-128go-4g-gris/f-1440402-xia6941812716922.html?idOffre=2608938741#mpos=0|mp'}, 'product_6': {'ean': '8806094885699', 'title': 'SAMSUNG Galaxy A54 5G Graphite 128 Go', 'seller_price': '450\n€98', 'seller_name_fp': 'AC-Electro', 'captcha': '', 'seller_listing': '/mp-3616-sam8806094885699.html?Filter=New', 'product_image': ['https://www.cdiscount.com/pdt2/6/9/9/1/065x065/sam8806094885699/rw/samsung-galaxy-a54-5g-graphite-128-go.jpg', 'https://www.cdiscount.com/pdt2/6/9/9/2/065x065/sam8806094885699/rw/samsung-galaxy-a54-5g-graphite-128-go.jpg', 'https://www.cdiscount.com/pdt2/6/9/9/3/065x065/sam8806094885699/rw/samsung-galaxy-a54-5g-graphite-128-go.jpg', 'https://www.cdiscount.com/pdt2/6/9/9/4/065x065/sam8806094885699/rw/samsung-galaxy-a54-5g-graphite-128-go.jpg', 'https://www.cdiscount.com/pdt2/6/9/9/5/065x065/sam8806094885699/rw/samsung-galaxy-a54-5g-graphite-128-go.jpg', 'https://www.cdiscount.com/pdt2/6/9/9/6/065x065/sam8806094885699/rw/samsung-galaxy-a54-5g-graphite-128-go.jpg', 'https://www.cdiscount.com/pdt2/6/9/9/7/065x065/sam8806094885699/rw/samsung-galaxy-a54-5g-graphite-128-go.jpg', 'https://www.cdiscount.com/pdt2/6/9/9/8/065x065/sam8806094885699/rw/samsung-galaxy-a54-5g-graphite-128-go.jpg'], 'description': ['Ecran 6,4’’ Super AMOLED 120Hz - Triple capteur photo et selfie 32MP - Capteur principal 50MP avec stabilisation optique - Résistant à l’eau et à la poussière (IP67) - Jusqu’à 2 jours d’autonomie et charge rapide 25W', '', 'PUBLICITÉ', 'Tableau de caractéristiques du produit', 'Caractéristique', 'Description', 'Informations générales sur le produit', 'Marque', 'SAMSUNG', '', 'Nom du produit', 'SAMSUNG Galaxy A54 5G Graphite 128 Go', 'Catégorie', 'SMARTPHONE', 'Référence', 'SM-A546BZKCEUB', 'Informations sur le produit', 'Sous-état', 'Neuf', 'Couleur(s)', 'Noir', 'Notes', 'SAMSUNG A54 5G Noir 128 Go', 'Information DAS', 'Le DAS (débit d’absorption spécifique) des téléphones mobiles quantifie le niveau d’exposition', 'maximal de l’utilisateur aux ondes électromagnétiques, pour une utilisation à l’oreille.', 'La réglementation française impose que le DAS ne dépasse pas 2W/kg', 'Capacité (mémoire)', '128 Go', 'Indice de réparabilité', '8,4', 'Adaptateur secteur', 'Non', 'Général', 'Type de produit', 'Smartphone', 'Modèle de téléphone', 'A54 5G', 'Résistance', 'Résistance à l’eau - Certification IP67', 'Localisation', 'GPS, GLONASS, Beidou, Galileo, QZSS', 'Couleur du boitier', 'Vert', 'Livré avec', ""1. Smartphone 2. Câble USB-C 3. Clé d'éjection de la carte SIM 4. Guide de démarrage rapide"", 'Profondeur', '0.82', 'Largeur', '7.4799999999999995', 'Hauteur', '15.819999999999999', 'Poids', '202g', 'Valeur DAS', 'DAS tête : 0,693W/kg DAS corps : 1,338W/kg DAS membres : 3,15W/kg', 'Coloris disponibles', 'Lavande, Lime, Blanc, Graphite', 'Format', 'Tactile', ""Système d'exploitation"", 'Android 13', 'Type de Produit', 'smartphone', 'Téléphone mobile', ""Système d'exploitation"", 'Android 13', 'Technologie', 'One UI 5.1', 'Génération à haut débit mobile', '5G', 'Type de carte SIM', 'Dual SIM', 'Technologie de paiement', 'Samsung pay', 'Assistant intelligent', 'Bixby, Google Assistant et Alexa', 'Processeur', 'Type', 'Exynos 1380', 'Qté de coeur de processeur', 'Octo-core', ""Fréquence d'horloge du processeur"", '2.4GHz, 2GHz', 'Processeur', 'Exynos 1380', 'Affichage', ""Taille d'écran"", '6.4“', 'Technologie', 'Super AMOLED', 'Résolution écran', 'Full HD+ ; 2340 x 1080p ; 401ppp', 'Caractéristiques', 'Gorilla Glass 5', 'Type', 'Ecran Infinity-O', 'Taille de la diagonale', '6.4“', ""Résolution d'écran"", 'Full HD+ ; 2340 x 1080p ; 401ppp', 'Fréquence de rafraichissement', '120 Hz', 'Ecran tactile', 'Oui', 'Résolution', 'Full HD+ ; 2340 x 1080p ; 401ppp', 'Appareil photo numérique', 'Résolution du Capteur', '50 MP', 'Caractéristiques', 'Optimiseur de scènes - Aide au cadrage - Lancement rapide', ""Ouverture de l'objectif"", 'f/1.8', 'Résolution du capteur', '50 MP', ""Résolutions de l'enregistreur vidéo"", 'Enregistrement jusqu’en 4K UHD 30fps - Enregistrement en Slowmotion HD 240fps - Enregistrement en Super Slowmotion en HD 480fps - Lecture jusqu’en 4K UHD 30fps', 'Source de lumière de la caméra', 'Flash LED', 'Résolution de la caméra arrière', '50 MP', 'Résolution de la caméra avant', '32MP', 'Système de navigation', 'Logiciels et services de navigation', 'GPS, GLONASS, Beidou, Galileo, QZSS', 'Navigation', 'Google Maps', 'Communications', 'Profils Bluetooth', 'Bluetooth 5.3', 'Bande 2G', 'DCS1800, GSM850, GSM900, PCS1900', 'Fréquence LTE 4G', 'B1, B2, B3, B4, B5, B7, B8, B12, B17, B20, B26, B28, B32, B38(2600), B40(2300), B41(2500), B66', 'Fréquence UMTS 3G', 'B1(2100), B2(1900), B5(850), B8(900)', 'Fréquence 5G NR', 'n1(2100), n3(1800), n7(2600), n8(900), n20(800), n28(700), n38(2600), n40(2300), n41(2500), n77(3700), n78(3500)', 'Caractéristiques du téléphone', 'Fonctions du téléphone', 'Appels, SMS, MMS, photos, vidéos, musique, connextion internet, agenda, applications bureautique, applications multimédia', 'Capteurs', 'Capteur d’empreinte digitale sous l’écran - Reconnaissance faciale - Accéléromètre, gyroscope - Capteur de luminosité, proximité, magnétique - capteur géomagnétique', 'Fonctions supplémentaires', 'Apps Samsung (Galaxy store, Bixby, Samsung Members, Samsung TV, SmartThings, Smart Switch, Samsung Wallet, Samsung Notes, Game Launcher...) - Apps Google (Chrome, Gmail, Maps, Play Films & TV, Play Store, Photos, Youtube, Drive, Duo…) - Autres apps (Onedrive, Facebook, Linkedin, Outlook, Spotify...)', 'Dispositifs de sécurité', 'Capteur d’empreinte digitale sur la tranche - Reconnaissance faciale', 'Technologie de sécurité', 'Android - Secured by Knox', 'Lecteur multimédia', 'Améliorations sonores', 'Dolby Atmos', 'Mémoire', 'RAM', '8 Go', 'Mémoire intégrée', '128 Go', 'Capacité de la mémoire interne', '128 Go', 'Stockage', 'Port microSD jusqu’à 1To', 'Connexions', 'Type de connecteur', 'USB Type-C ; USB 2.0', 'Batterie', 'Capacité', '5000 mAh', 'Caméra avant', 'Résolution du capteur', '32MP', 'Fonctionnalités', 'Selfie paume', ""Ouverture de l'objectif"", 'Ouverture f/2.2', 'Source de lumière', 'Flash avant', 'Caméra arrière', 'Caractéristiques', 'Optimiseur de scènes - Aide au cadrage - Lancement rapide', 'Résolution du capteur', '50MP', 'Source de lumière de la caméra', 'Flash LED', ""Ouverture de l'objectif"", 'f/1.8', 'Source de lumière', 'Flash LED', 'Mode HDR', 'Oui', 'Deuxième caméra arrière', ""Ouverture de l'objectif"", 'f/2.2', 'Résolution de capteur', '12MP', 'Caractéristiques', 'Angle d’ouverture à 123°', 'Nom de capteur', 'Ultra Grand Angle', 'Résolution du capteur', '12MP', 'Deuxième caméra avant', 'Résolution du capteur', '12MP', 'Ouverture de lentille', 'f/2.2', 'Champ de vue (FOV)', 'Angle d’ouverture à 123°', 'Vos garanties incluses', 'Garantie (²)', '2 ans', 'Observations', 'Dans le cas où une garantie commerciale est proposée par le vendeur, celle-ci ne fait pas obstacle à', 'l’application de la garantie légale de conformité et/ou à la garantie des vices cachés. Voir', 'conditions de cette garantie commerciale dans les CGV du vendeur et/ou dans les CGU Marketplace', 'Troisième caméra arrière', 'Ouverture de lentille', 'f/2.4', 'Résolution de capteur', '5MP', 'Résolution du capteur', '5MP', 'Nom de capteur', 'Macro', ''], 'page_seller': '/mpvv-147145-AC-Electro.html', 'offer_count': '29 neufs', 'out_of_stock': '', 'sold': '', 'offers': [{'seller_price': '331\n€97', 'seller_name': 'FutureD', 'shipping_rate_price': 'Gratuit', 'expedition_country': 'ESTONIE', 'sales_realized': '4136', 'seller_rating': 'Évaluations(24                            avis)\n4/5', 'state': 'Neuf'}, {'seller_price': '329\n€00', 'seller_name': 'ELIAZON', 'shipping_rate_price': '6,00€', 'expedition_country': 'PAYS-BAS', 'sales_realized': '37117', 'seller_rating': 'Évaluations(619                            avis)\n4,3/5', 'state': 'Neuf'}, {'seller_price': '349\n€99', 'seller_name': 'SA Kft', 'shipping_rate_price': 'Gratuit', 'expedition_country': 'HONGRIE', 'sales_realized': '32791', 'seller_rating': 'Évaluations(288                            avis)\n4,7/5', 'state': 'Neuf'}, {'seller_price': '361\n€00', 'seller_name': 'Neondigital', 'shipping_rate_price': '9,99€', 'expedition_country': 'LUXEMBOURG', 'sales_realized': '3604', 'seller_rating': 'Évaluations(150                            avis)\n4,4/5', 'state': 'Neuf'}, {'seller_price': '373\n€99', 'seller_name': 'Yeppon', 'shipping_rate_price': 'Gratuit', 'expedition_country': 'ITALIE', 'sales_realized': '14337', 'seller_rating': 'Évaluations(783                            avis)\n4,2/5', 'state': 'Neuf'}, {'seller_price': '394\n€24', 'seller_name': 'Morelenet', 'shipping_rate_price': 'Gratuit', 'expedition_country': 'POLOGNE', 'sales_realized': '2309', 'seller_rating': 'Évaluations(36                            avis)\n4,1/5', 'state': 'Neuf'}, {'seller_price': '399\n€99', 'seller_name': 'ALMETECH  France', 'shipping_rate_price': 'Gratuit', 'expedition_country': 'FRANCE', 'sales_realized': '1755', 'seller_rating': 'Évaluations(24                            avis)\n4,2/5', 'state': 'Neuf'}, {'seller_price': '386\n€41', 'seller_name': 'Tienda Siglo XXI', 'shipping_rate_price': '16,95€', 'expedition_country': 'ESPAGNE', 'sales_realized': '586', 'seller_rating': 'Évaluations(161                            avis)\n4,1/5', 'state': 'Neuf'}, {'seller_price': '417\n€48', 'seller_name': 'TOPBIZ', 'shipping_rate_price': 'Gratuit', 'expedition_country': 'FRANCE', 'sales_realized': '20595', 'seller_rating': 'Évaluations(4549                            avis)\n4,5/5', 'state': 'Neuf'}, {'seller_price': '417\n€49', 'seller_name': 'ALPEXE France', 'shipping_rate_price': 'Gratuit', 'expedition_country': 'FRANCE', 'sales_realized': '31598', 'seller_rating': 'Évaluations(9837                            avis)\n4,1/5', 'state': 'Neuf'}], 'prouct_sheet_link': 'https://www.cdiscount.com/telephonie/telephone-mobile/samsung-galaxy-a54-5g-graphite-128-go/f-1440402-sam8806094885699.html?idOffre=2561142135#mpos=0|mp'}, 'product_7': {'ean': '8806092947689', 'title': 'Tablette Samsung Galaxy Tab A8 WiFi en gris (Gris foncé) avec écran 10,5"" Full HD+, 1920 x 1200 pixels, Android, WiFi, processeur', 'seller_price': '300\n€61', 'seller_name_fp': 'AC-Electro', 'captcha': '', 'seller_listing': '/mp-20653-sam8806092947689.html?Filter=New', 'product_image': 'https://www.cdiscount.com/pdt2/6/8/9/1/065x065/sam8806092947689/rw/tablette-samsung-galaxy-tab-a8-wifi-en-gris-gris.jpg', 'description': ['Tablette Samsung Galaxy Tab A8 WiFi en gris (Gris foncé) avec écran 10,5"" Full HD+, 1920 x 1200 pixels, Android, WiFi, processeur Octa-core jusqu\'à 2 GHz, 4 Go de RAM + 128 Go de stockage interne, microSD, caméra arrière 8MP et 5MP avant, batterie 7 040 mAh avec charge rapide (15 W) et connecteur USB-C.Samsung Galaxy Tab A8 SM-X200. Taille de l\'écran: 26,7 cm (10.5""), Résolution de l\'écran: 1920 x 1200 pixels,', '', 'PUBLICITÉ', 'Tableau de caractéristiques du produit', 'Caractéristique', 'Description', 'Informations générales sur le produit', 'Marque', 'SAMSUNG', '', 'Nom du produit', 'Tablette Samsung Galaxy Tab A8 WiFi en gris (Gris', 'Catégorie', 'TABLETTE TACTILE', 'Référence', 'SM-X200NZAFEUB', 'Général', 'Type de produit', 'Tablette', ""Système d'exploitation"", 'Android', 'Processeur', ""Fréquence d'horloge du processeur"", '2 GHz', 'Nombre de coeurs', '8 coeurs', 'Affichage', 'Résolution', '1920 x 1200', 'Ecran tactile', 'Multi-touch', 'Type', '10.5"" TFT', ""Profondeur d'échantillonnage"", '16 millions de couleurs', 'Mémoire', 'RAM', '4 Go', 'Stockage', '128 Go', 'Cartes mémoire flash prises en charge', 'microSD, microSDHC, microSDXC', ""Mémoire disponible pour l'utilisateur"", 'Flash : 105.4 Go', 'Capacité max. prise en charge', '1 To', 'Multimédia', 'Audio', 'Microphone, quatre hauts parleurs', 'Normes vidéo numériques prises en charge', 'MPEG-4, AVI, WMV, MKV, 3GP, ASF, FLV, 3G2, M4V, WEBM', 'Normes audionumériques prises en charge', 'WAV, WMA, AAC, AMR, MP3, FLAC, XMF, OGG, MIDI, M4A, MXMF, OGA, 3GA, AWB, IMY, RTTTL, RTX, OTA, MID, Dolby Atmos', 'Communications', 'Connectivité sans fil', '802.11a/b/g/n/ac, Bluetooth 5.0', 'Protocoles et fonctions de sécurité', 'Wi-Fi Direct', 'Profils Bluetooth', ""Profil mains libres (HFP), Profil de casque (HSP), Profil de poussée d'objet (OPP), Profil de réseau personnel (PAN), Profil de distribution audio avancée (A2DP), Profil de contrôle à distance audio/vidéo, Profil pour appareil d'interface humaine (HID), Phonebook Access Profile (PBAP), Message Access Profile (MAP), HID Over GATT Profile (HOGP)"", 'Batterie', 'Capacité', '7040 mAh', 'Dimensions et poids', 'Poids', '508 g', 'Largeur', '16.19 cm', 'Hauteur', '24.68 cm', 'Profondeur', '0.69 cm', 'Divers', 'Caractéristiques', 'Charge rapide', 'Capteurs', 'Accéléromètre, capteur gyroscopique, capteur à effet Hall, capteur géomagnétique, capteur de lumière', 'Couleur', 'Gris foncé', 'Matière du boitier', 'Métal', 'Valeur DAS', '0,44 W/kg (corps)', 'Logiciels', 'Logiciel préchargé', 'Samsung KNOX, Samsung Smart Switch', 'Garantie du fabricant', 'Service et maintenance', 'Garantie limitée - 2 ans', 'Extension et connectivité', 'Interfaces', 'USB-C/USB 2.0', 'Extension Emplacements', '1 x microSDXC', 'Système de navigation', 'Récepteur', 'GPS/GLONASS/Galileo/QZSS', 'Caméra arrière', 'Réglage de la mise au point', 'Automatique', 'Résolution du capteur', '8 mégapixels', 'Résolutions vidéo', '1920 x 1080 (1080p) à 30 fps', 'Caméra avant', 'Résolution du capteur', '5 mégapixels', ''], 'page_seller': '/mpvv-147145-AC-Electro.html', 'offer_count': '25 neufs', 'out_of_stock': '', 'sold': '', 'offers': [{'seller_price': '230\n€60', 'seller_name': 'ELIAZON', 'shipping_rate_price': '6,00€', 'expedition_country': 'PAYS-BAS', 'sales_realized': '37117', 'seller_rating': 'Évaluations(619                            avis)\n4,3/5', 'state': 'Neuf'}, {'seller_price': '244\n€90', 'seller_name': 'Trending Utopic', 'shipping_rate_price': 'Gratuit', 'expedition_country': 'ESPAGNE', 'sales_realized': '4254', 'seller_rating': 'Évaluations(88                            avis)\n3,8/5', 'state': 'Neuf'}, {'seller_price': '245\n€18', 'seller_name': 'arrivapresto', 'shipping_rate_price': 'Gratuit', 'expedition_country': 'ESPAGNE', 'sales_realized': '661', 'seller_rating': 'Évaluations(15                            avis)\n4,3/5', 'state': 'Neuf'}, {'seller_price': '236\n€99', 'seller_name': 'BLAN SRL', 'shipping_rate_price': '8,92€', 'expedition_country': 'ITALIE', 'sales_realized': '57', 'seller_rating': 'Évaluation(0                            avis)\nAucun avis', 'state': 'Neuf'}, {'seller_price': '237\n€55', 'seller_name': 'Fexy-shop', 'shipping_rate_price': '8,70€', 'expedition_country': 'ALLEMAGNE', 'sales_realized': '2570', 'seller_rating': 'Évaluations(72                            avis)\n3,8/5', 'state': 'Neuf'}, {'seller_price': '250\n€54', 'seller_name': 'Treat Srores', 'shipping_rate_price': 'Gratuit', 'expedition_country': 'ESPAGNE', 'sales_realized': '139', 'seller_rating': 'Évaluations(2                            avis)\n5/5', 'state': 'Neuf'}, {'seller_price': '254\n€10', 'seller_name': '1foDiscount', 'shipping_rate_price': 'Gratuit', 'expedition_country': 'FRANCE', 'sales_realized': '21775', 'seller_rating': 'Évaluations(6937                            avis)\n4,4/5', 'state': 'Neuf'}, {'seller_price': '256\n€10', 'seller_name': 'TOUT-POUR-LA-MAISON', 'shipping_rate_price': 'Gratuit', 'expedition_country': 'FRANCE', 'sales_realized': '2203', 'seller_rating': 'Évaluations(430                            avis)\n3,2/5', 'state': 'Neuf'}, {'seller_price': '260\n€95', 'seller_name': 'YDIS', 'shipping_rate_price': 'Gratuit', 'expedition_country': 'FRANCE', 'sales_realized': '7116', 'seller_rating': 'Évaluations(260                            avis)\n4,6/5', 'state': 'Neuf'}, {'seller_price': '258\n€91', 'seller_name': 'Macservice', 'shipping_rate_price': '13,00€', 'expedition_country': 'PORTUGAL', 'sales_realized': '255', 'seller_rating': 'Évaluations(8                            avis)\n4,4/5', 'state': 'Neuf'}], 'prouct_sheet_link': 'https://www.cdiscount.com/informatique/tablettes-tactiles-ebooks/tablette-samsung-galaxy-tab-a8-wifi-en-gris-gris/f-10798-sam8806092947689.html?idOffre=1833656396#mpos=0|mp'}, 'product_8': {'ean': '8806094507225', 'title': 'SAMSUNG Galaxy Z Flip4 128Go 5G Graphite', 'seller_price': '1008\n€48', 'seller_name_fp': 'AC-Electro', 'captcha': '', 'seller_listing': '/mp-3616-sam8806094507225.html?Filter=New', 'product_image': ['https://www.cdiscount.com/pdt2/2/2/5/1/065x065/sam8806094507225/rw/samsung-galaxy-z-flip4-128go-5g-graphite.jpg', 'https://www.cdiscount.com/pdt2/2/2/5/2/065x065/sam8806094507225/rw/samsung-galaxy-z-flip4-128go-5g-graphite.jpg', 'https://www.cdiscount.com/pdt2/2/2/5/3/065x065/sam8806094507225/rw/samsung-galaxy-z-flip4-128go-5g-graphite.jpg', 'https://www.cdiscount.com/pdt2/2/2/5/4/065x065/sam8806094507225/rw/samsung-galaxy-z-flip4-128go-5g-graphite.jpg', 'https://www.cdiscount.com/pdt2/2/2/5/5/065x065/sam8806094507225/rw/samsung-galaxy-z-flip4-128go-5g-graphite.jpg', 'https://www.cdiscount.com/pdt2/2/2/5/6/065x065/sam8806094507225/rw/samsung-galaxy-z-flip4-128go-5g-graphite.jpg', 'https://www.cdiscount.com/pdt2/2/2/5/7/065x065/sam8806094507225/rw/samsung-galaxy-z-flip4-128go-5g-graphite.jpg', 'https://www.cdiscount.com/pdt2/2/2/5/8/065x065/sam8806094507225/rw/samsung-galaxy-z-flip4-128go-5g-graphite.jpg', 'https://www.cdiscount.com/pdt2/2/2/5/9/065x065/sam8806094507225/rw/samsung-galaxy-z-flip4-128go-5g-graphite.jpg'], 'description': ['Découvrez le Galaxy Z Flip4, notre Galaxy Z Flip le plus avancé à ce jour. Avec son design iconique, il embarque un écran pliable de 6.7 pouces. Une fois replié, c’est un véritable bijou de technologie qui se glisse facilement dans votre sac ou dans votre poche. Côté photo et vidéo, son double capteur de 12MP sublime vos clichés et vos enregistrements en basse lumière, tandis que la FlexCam permet la prise de selfies', '', 'PUBLICITÉ', 'Tableau de caractéristiques du produit', 'Caractéristique', 'Description', 'Informations générales sur le produit', 'Marque', 'SAMSUNG', '', 'Nom du produit', 'SAMSUNG Galaxy Z Flip4 128Go 5G Graphite', 'Catégorie', 'SMARTPHONE', 'Référence', 'SM-F721BZAGEUB', 'Informations sur le produit', 'Sous-état', 'Neuf', 'Couleur(s)', 'Graphite', 'Information DAS', 'Le DAS (débit d’absorption spécifique) des téléphones mobiles quantifie le niveau d’exposition', 'maximal de l’utilisateur aux ondes électromagnétiques, pour une utilisation à l’oreille.', 'La réglementation française impose que le DAS ne dépasse pas 2W/kg', 'Capacité (mémoire)', '128 Go', 'Indice de réparabilité', '7,6', 'Général', 'Type de produit', 'Smartphone', 'Couleur du boitier', 'Graphite', 'Profondeur', '16 - 17.1 mm', 'Largeur', '71.9 mm', 'Hauteur', '84.8 mm', 'Poids', '187 g', 'Valeur DAS', '1,151 W/kg (tête), 1,198 W/kg (corps), 2,75 W/kg (membres)', 'Protection', ""Résistant à l'eau"", 'Format', 'Clapet (escamotable) - écran tactile, double écran', 'Numéro de modèle du fabricant', 'SM-F721B', 'Détails des dimensions', 'Déplié : 165.2 x 71.9 x 6.9 mm', 'Plié : 84.8 x 71.9 x 16 - 17.1 mm', 'Téléphone mobile', ""Système d'exploitation"", 'Android 12', 'Génération à haut débit mobile', '5G', 'Fournisseur de services', 'Non spécifié', 'Type de carte SIM', 'Nano SIM, Carte SIM électronique (e-SIM)', 'Navigation', 'GPS, GLONASS, BeiDou, Galileo', 'Qté de carte SIM', 'Double SIM', 'Processeur', 'Type', 'Qualcomm Snapdragon 8+ Gen 1', 'Qté de coeur de processeur', '8 cœurs', ""Fréquence d'horloge"", '3.2 GHz', 'Affichage', 'Technologie', 'Infinity Flex Dynamic AMOLED 2x', 'Caractéristiques', 'AOD (Always On Display)', 'Type', 'Ecran OEL', 'Densité des pixels', '425ppp', 'Protection', 'Verre ultra mince de Samsung', 'Taille de la diagonale', '6.7”', ""Résolution d'écran"", '2640 x 1080 pixels', ""Format d'affichage"", 'Full HD+', 'HDR', 'Oui', 'Conception', ""Pliage vers l'intérieur"", 'Fréquence de rafraichissement', '120 Hz', 'Technologie HDR', 'HDR10+', 'Affichage (2ème)', 'Type', 'Ecran OEL - couleur', ""Résolution d'écran"", '260 x 512 pixels', 'Taille de la diagonale', '1.9”', 'Appareil photo numérique', ""Résolutions de l'enregistreur vidéo"", 'Enregistrement en 8K 24fps (principal).', 'Enregistrement en 4K 60fps (principal et selfie).', 'Enregistrement en FHD 120fps (principal).', 'Communications', 'Interface sans fil', 'NFC, Bluetooth 5.2, IEEE 802.11 a/b/g/n/ac/ax', 'Bande 2G', 'DCS1800, GSM850, GSM900, PCS1900', 'Bande 4G LTE', 'Bande 1, Bande 2, Bande 3, Bande 4, Bande 5, Bande 7, Bande 8, Bande 12, Bande 13, Bande 17, Bande 18, Bande 19, Bande 20, Bande 25, Bande 26, Bande 28, Bande 66', 'Bande 3G UMTS', 'Bande 1, Bande 2, Bande 5, Bande 8', 'Fréquence UMTS 3G', '2100, 1900, 850, 900', 'Bande 5G NR', 'N1, n2, n3, n5, n7, n8, n12, n20, n25, n28, n38, n40, n41, n66, n75, n77, n78', 'Caractéristiques du téléphone', 'Prise en charge double carte SIM', '1 Nano-SIM + 1 eSIM', 'Fonctions du téléphone', 'Accéléromètre, Capteur de proximité, baromètre, capteur gyroscopique, capteur géomagnétique, capteur de lumière', 'Dispositifs de sécurité', ""Reconnaissance faciale, lecteur d'empreintes (côté)"", 'Mémoire', 'RAM', '8 Go', 'Capacité de la mémoire interne', '128 Go', 'Connexions', 'Type de connecteur', 'USB Type-C', 'Batterie', 'Capacité', '3700 mAh', 'Chargement sans fil', 'Oui', 'Divers', 'Normes de conformité', 'IPX8', 'Caméra avant', 'Résolution du capteur', '10 mégapixels', ""Ouverture de l'objectif"", 'f/2.4', 'Mode HDR', 'Oui', 'Vos garanties incluses', 'Garantie (²)', '2 ans', 'Observations', 'Dans le cas où une garantie commerciale est proposée par le vendeur, celle-ci ne fait pas obstacle à', 'l’application de la garantie légale de conformité et/ou à la garantie des vices cachés. Voir', 'conditions de cette garantie commerciale dans les CGV du vendeur et/ou dans les CGU Marketplace', 'Ecran (non déplié)', ""Résolution de l'écran"", '2640 x 1080 pixels', 'Taille de la diagonale', '6.7""', 'Caméra principale', 'Caractéristiques', 'Optimiseur de scènes, cadrage automatique, enregistrement HDR10+', 'Effets spéciaux', 'HDR', 'Résolution du capteur', '12 mégapixels', 'Source de lumière', 'Flash LED', 'Modes de caméra', 'Prise unique, Photo, Vidéo, Nuit, Pro, AR Doodle, Panorama, Nourriture, Portrait, Vidéo Portrait, Vidéo Pro, Super Ralenti, Ralenti, Hyperlapse, Vue du Réalisateur, IA restauration', ""Ouverture d'objectif"", 'f/1.8', 'Champ de vue (FOV)', '83 degrés', ""Stabilisateur d'image optique"", ""OIS (stabilisateur d'image optique)"", 'Deuxième caméra', 'Résolution du capteur', '12 mégapixels', ""Ouverture de l'objectif"", 'f/2.2', ""Type d'objectif"", 'Lentille ultra grand angle', 'Champ de vue (FOV)', '123 degrés', 'Caractéristiques', 'Technologie Dual Pixel', ''], 'page_seller': '/mpvv-147145-AC-Electro.html', 'offer_count': '28 neufs', 'out_of_stock': '', 'sold': '', 'offers': [{'seller_price': '614\n€07', 'seller_name': 'FutureD', 'shipping_rate_price': 'Gratuit', 'expedition_country': '', 'sales_realized': '4086', 'seller_rating': 'Évaluations(22                            avis)\n4,1/5', 'state': 'Neuf'}, {'seller_price': '614\n€09', 'seller_name': 'HETTNER L', 'shipping_rate_price': 'Gratuit', 'expedition_country': 'FRANCE', 'sales_realized': '', 'seller_rating': '', 'state': 'Neuf'}, {'seller_price': '621\n€25', 'seller_name': 'ANGELSTOF Z', 'shipping_rate_price': 'Gratuit', 'expedition_country': 'FRANCE', 'sales_realized': '2888', 'seller_rating': 'Évaluations(14                            avis)\n4,5/5', 'state': 'Neuf'}, {'seller_price': '622\n€00', 'seller_name': 'Neondigital', 'shipping_rate_price': '9,99€', 'expedition_country': 'LUXEMBOURG', 'sales_realized': '215', 'seller_rating': 'Évaluations(3                            avis)\n3,3/5', 'state': 'Neuf'}, {'seller_price': '699\n€00', 'seller_name': 'Cdiscount', 'shipping_rate_price': 'Livraison à domicile ou en point retrait', 'expedition_country': '', 'sales_realized': '3595', 'seller_rating': 'Évaluations(148                            avis)\n4,4/5', 'state': 'Neuf'}, {'seller_price': '718\n€77', 'seller_name': 'Super 10count', 'shipping_rate_price': 'Gratuit', 'expedition_country': 'FRANCE', 'sales_realized': '', 'seller_rating': '', 'state': 'Neuf'}, {'seller_price': '736\n€00', 'seller_name': 'Icoza', 'shipping_rate_price': 'Gratuit', 'expedition_country': 'FRANCE', 'sales_realized': '5561', 'seller_rating': 'Évaluations(329                            avis)\n3,8/5', 'state': 'Neuf'}, {'seller_price': '749\n€00', 'seller_name': 'MagyK', 'shipping_rate_price': 'Gratuit', 'expedition_country': 'FRANCE', 'sales_realized': '30897', 'seller_rating': 'Évaluations(2301                            avis)\n4,2/5', 'state': 'Neuf'}, {'seller_price': '805\n€00', 'seller_name': 'Stacca', 'shipping_rate_price': 'Gratuit', 'expedition_country': 'MONACO', 'sales_realized': '56', 'seller_rating': 'Évaluation(0                            avis)\nAucun avis', 'state': 'Neuf'}, {'seller_price': '811\n€81', 'seller_name': 'MAX-G-MOBILE SL', 'shipping_rate_price': 'Gratuit', 'expedition_country': 'ESPAGNE', 'sales_realized': '24676', 'seller_rating': 'Évaluations(319                            avis)\n4,4/5', 'state': 'Neuf'}], 'prouct_sheet_link': 'https://www.cdiscount.com/telephonie/telephone-mobile/samsung-galaxy-z-flip4-128go-5g-graphite/f-1440402-sam8806094507225.html?idOffre=2196226465#mpos=0|mp'}, 'product_9': {'ean': '8806094813883', 'title': 'SAMSUNG Galaxy A34 5G Lavande 128 Go', 'seller_price': '344\n€12', 'seller_name_fp': 'AC-Electro', 'captcha': '', 'seller_listing': '/mp-3616-sam8806094813883.html?Filter=New', 'product_image': ['https://www.cdiscount.com/pdt2/8/8/3/1/065x065/sam8806094813883/rw/samsung-galaxy-a34-5g-lavande-128-go.jpg', 'https://www.cdiscount.com/pdt2/8/8/3/2/065x065/sam8806094813883/rw/samsung-galaxy-a34-5g-lavande-128-go.jpg', 'https://www.cdiscount.com/pdt2/8/8/3/3/065x065/sam8806094813883/rw/samsung-galaxy-a34-5g-lavande-128-go.jpg', 'https://www.cdiscount.com/pdt2/8/8/3/4/065x065/sam8806094813883/rw/samsung-galaxy-a34-5g-lavande-128-go.jpg', 'https://www.cdiscount.com/pdt2/8/8/3/5/065x065/sam8806094813883/rw/samsung-galaxy-a34-5g-lavande-128-go.jpg', 'https://www.cdiscount.com/pdt2/8/8/3/6/065x065/sam8806094813883/rw/samsung-galaxy-a34-5g-lavande-128-go.jpg', 'https://www.cdiscount.com/pdt2/8/8/3/7/065x065/sam8806094813883/rw/samsung-galaxy-a34-5g-lavande-128-go.jpg', 'https://www.cdiscount.com/pdt2/8/8/3/8/065x065/sam8806094813883/rw/samsung-galaxy-a34-5g-lavande-128-go.jpg', 'https://www.cdiscount.com/pdt2/8/8/3/9/065x065/sam8806094813883/rw/samsung-galaxy-a34-5g-lavande-128-go.jpg'], 'description': ['Ecran 6,6’’ Super AMOLED 120Hz - Triple capteur photo et selfie 13MP - Capteur principal 48MP avec stabilisation optique - Résistant à l’eau et à la poussière (IP67) - Jusqu’à 2 jours d’autonomie et charge rapide 25W', '', 'PUBLICITÉ', 'Tableau de caractéristiques du produit', 'Caractéristique', 'Description', 'Informations générales sur le produit', 'Marque', 'SAMSUNG', '', 'Nom du produit', 'SAMSUNG Galaxy A34 5G Lavande 128 Go', 'Catégorie', 'SMARTPHONE', 'Référence', 'SM-A346BLVAEUB', 'Informations sur le produit', 'Sous-état', 'Neuf', 'Couleur(s)', 'Lavande', 'Notes', 'SAMSUNG A34 5G Lavande 128 Go', 'Information DAS', 'Le DAS (débit d’absorption spécifique) des téléphones mobiles quantifie le niveau d’exposition', 'maximal de l’utilisateur aux ondes électromagnétiques, pour une utilisation à l’oreille.', 'La réglementation française impose que le DAS ne dépasse pas 2W/kg', 'Capacité (mémoire)', '128 Go', 'Indice de réparabilité', '8,3', 'Adaptateur secteur', 'Non', 'Général', 'Type de produit', 'Smartphone', 'Modèle de téléphone', 'A34 5G', 'Résistance', 'Résistance à l’eau - Certification IP67', 'Localisation', 'GPS, GLONASS, Beidou, Galileo, QZSS', 'Couleur du boitier', 'Lavande', 'Livré avec', ""1. Smartphone 2. Câble USB-C 3. Clé d'éjection de la carte SIM 4. Guide de démarrage rapide"", 'Profondeur', '0.82', 'Largeur', '7.81', 'Hauteur', '16.130000000000003', 'Poids', '199g', 'Valeur DAS', 'DAS tête : 0,546W/kg DAS corps : 1,488W/kg DAS membres : 2,68W/kg', 'Coloris disponibles', 'Argenté, Graphite, Lime, Lavand', 'Format', 'Tactile', ""Système d'exploitation"", 'Android 13', 'Type de Produit', 'smartphone', 'Téléphone mobile', ""Système d'exploitation"", 'Android 13', 'Technologie', 'One UI 5.1', 'Génération à haut débit mobile', '5G', 'Type de carte SIM', 'Dual SIM', 'Technologie de paiement', 'Samsung pay', 'Assistant intelligent', 'Bixby, Google Assistant et Alexa', 'Processeur', 'Type', 'MediaTek Dimensity 1080 (MT6877V)', 'Qté de coeur de processeur', 'Octo-core', ""Fréquence d'horloge du processeur"", '2.6GHz, 2GHz', 'Processeur', 'MediaTek Dimensity 1080 (MT6877V)', 'Affichage', ""Taille d'écran"", '6.6“', 'Technologie', 'Super AMOLED', 'Résolution écran', 'Full HD+ ; 2340 x 1080p ; 393ppp', 'Caractéristiques', 'Gorilla Glass 5', 'Type', 'Ecran Infinity-U', 'Taille de la diagonale', '6.6“', ""Résolution d'écran"", 'Full HD+ ; 2340 x 1080p ; 393ppp', 'Fréquence de rafraichissement', '120 Hz', 'Ecran tactile', 'Oui', 'Résolution', 'Full HD+ ; 2340 x 1080p ; 393ppp', 'Appareil photo numérique', 'Résolution du Capteur', '48 MP', 'Caractéristiques', 'Optimiseur de scènes - Aide au cadrage - Lancement rapide', ""Ouverture de l'objectif"", 'f/1.8', 'Résolution du capteur', '48 MP', ""Résolutions de l'enregistreur vidéo"", 'Enregistrement jusqu’en 4K UHD 30fps - Enregistrement en Slowmotion HD 240fps - Enregistrement en Super Slowmotion en HD 480fps - Lecture jusqu’en 4K UHD 30fps', 'Source de lumière de la caméra', 'Flash LED', 'Résolution de la caméra arrière', '48 MP', 'Résolution de la caméra avant', '32MP', 'Système de navigation', 'Logiciels et services de navigation', 'GPS, GLONASS, Beidou, Galileo, QZSS', 'Navigation', 'Google Maps', 'Communications', 'Profils Bluetooth', 'Bluetooth 5.3', 'Bande 2G', 'DCS1800, GSM850, GSM900, PCS1900', 'Fréquence LTE 4G', 'B1, B2, B3, B4, B5, B7, B8, B12, B17, B20, B26, B28, B32, B38(2600), B40(2300), B41(2500), B66', 'Fréquence UMTS 3G', 'B1(2100), B2(1900), B5(850), B8(900)', 'Fréquence 5G NR', 'n1(2100), n3(1800), n7(2600), n8(900), n20(800), n28(700), n38(2600),', 'Caractéristiques du téléphone', 'Fonctions du téléphone', 'Appels, SMS, MMS, photos, vidéos, musique, connextion internet, agenda, applications bureautique, applications multimédia', 'Capteurs', 'Capteur d’empreinte digitale sous l’écran - Reconnaissance faciale - Accéléromètre, gyroscope - Capteur de luminosité, proximité, magnétique - capteur géomagnétique', 'Fonctions supplémentaires', 'Apps Samsung (Galaxy store, Bixby, Samsung Members, Samsung TV, SmartThings, Smart Switch, Samsung Wallet, Samsung Notes, Game Launcher...) - Apps Google (Chrome, Gmail, Maps, Play Films & TV, Play Store, Photos, Youtube, Drive, Duo…) - Autres apps (Onedrive, Facebook, Linkedin, Outlook, Spotify...)', 'Dispositifs de sécurité', 'Capteur d’empreinte digitale sur la tranche - Reconnaissance faciale', 'Technologie de sécurité', 'Android - Secured by Knox', 'Lecteur multimédia', 'Améliorations sonores', 'Dolby Atmos', 'Mémoire', 'RAM', '8 Go', 'Mémoire intégrée', '128 Go', 'Capacité de la mémoire interne', '128 Go', 'Stockage', 'Port microSD jusqu’à 1To', 'Connexions', 'Type de connecteur', 'USB Type-C ; USB 2.0', 'Batterie', 'Capacité', '5000 mAh', 'Caméra avant', 'Résolution du capteur', '13MP', 'Fonctionnalités', 'Selfie paume', ""Ouverture de l'objectif"", 'Ouverture f/2.2', 'Source de lumière', 'Flash avant', 'Caméra arrière', 'Caractéristiques', 'Optimiseur de scènes - Aide au cadrage - Lancement rapide', 'Résolution du capteur', '50MP', 'Source de lumière de la caméra', 'Flash LED', ""Ouverture de l'objectif"", 'f/1.8', 'Source de lumière', 'Flash LED', 'Mode HDR', 'Oui', 'Deuxième caméra arrière', ""Ouverture de l'objectif"", 'f/2.2', 'Résolution de capteur', '8MP', 'Caractéristiques', 'Angle d’ouverture à 123°', 'Nom de capteur', 'Ultra Grand Angle', 'Résolution du capteur', '8MP', 'Vos garanties incluses', 'Garantie (²)', '2 ans', 'Observations', 'Dans le cas où une garantie commerciale est proposée par le vendeur, celle-ci ne fait pas obstacle à', 'l’application de la garantie légale de conformité et/ou à la garantie des vices cachés. Voir', 'conditions de cette garantie commerciale dans les CGV du vendeur et/ou dans les CGU Marketplace', 'Troisième caméra arrière', 'Ouverture de lentille', 'f/2.4', 'Résolution de capteur', '5MP', 'Résolution du capteur', '5MP', 'Nom de capteur', 'Macro', ''], 'page_seller': '/mpvv-147145-AC-Electro.html', 'offer_count': '34 neufs', 'out_of_stock': '', 'sold': '', 'offers': [{'seller_price': '276\n€00', 'seller_name': 'FutureD', 'shipping_rate_price': 'Gratuit', 'expedition_country': '', 'sales_realized': '4136', 'seller_rating': 'Évaluations(24                            avis)\n4/5', 'state': 'Neuf'}, {'seller_price': '311\n€00', 'seller_name': 'Neondigital', 'shipping_rate_price': '9,99€', 'expedition_country': 'LUXEMBOURG', 'sales_realized': '', 'seller_rating': '', 'state': 'Neuf'}, {'seller_price': '322\n€42', 'seller_name': 'Vpc Boost', 'shipping_rate_price': 'Gratuit', 'expedition_country': 'FRANCE', 'sales_realized': '3604', 'seller_rating': 'Évaluations(150                            avis)\n4,4/5', 'state': 'Neuf'}, {'seller_price': '324\n€95', 'seller_name': 'YDIS', 'shipping_rate_price': 'Gratuit', 'expedition_country': 'FRANCE', 'sales_realized': '31444', 'seller_rating': 'Évaluations(3957                            avis)\n4,3/5', 'state': 'Neuf'}, {'seller_price': '329\n€00', 'seller_name': 'Cdiscount', 'shipping_rate_price': 'Livraison à domicile ou en point retrait', 'expedition_country': '', 'sales_realized': '7116', 'seller_rating': 'Évaluations(260                            avis)\n4,6/5', 'state': 'Neuf'}, {'seller_price': '329\n€90', 'seller_name': 'HEYBIT Store', 'shipping_rate_price': 'Gratuit', 'expedition_country': 'PORTUGAL', 'sales_realized': '', 'seller_rating': '', 'state': 'Neuf'}, {'seller_price': '337\n€99', 'seller_name': 'ALMETECH  France', 'shipping_rate_price': 'Gratuit', 'expedition_country': 'FRANCE', 'sales_realized': '309', 'seller_rating': 'Évaluations(720                            avis)\n4,4/5', 'state': 'Neuf'}, {'seller_price': '344\n€12', 'seller_name': 'AC-Electro', 'shipping_rate_price': 'Gratuit', 'expedition_country': 'BELGIQUE', 'sales_realized': '1755', 'seller_rating': 'Évaluations(24                            avis)\n4,2/5', 'state': 'Neuf'}, {'seller_price': '352\n€51', 'seller_name': 'Soderus', 'shipping_rate_price': 'Gratuit', 'expedition_country': 'LITUANIE', 'sales_realized': '456', 'seller_rating': 'Évaluations(4                            avis)\n4,5/5', 'state': 'Neuf'}, {'seller_price': '359\n€90', 'seller_name': 'ALPEXE France', 'shipping_rate_price': 'Gratuit', 'expedition_country': 'FRANCE', 'sales_realized': '166', 'seller_rating': 'Évaluations(2                            avis)\n3/5', 'state': 'Neuf'}], 'prouct_sheet_link': 'https://www.cdiscount.com/telephonie/telephone-mobile/samsung-galaxy-a34-5g-lavande-128-go/f-1440402-sam8806094813883.html?idOffre=2637216105#mpos=0|mp'}, 'product_10': {'ean': '8710103972105', 'title': 'Friteuse sans huile PHILIPS Airfryer XL Série 3000 HD9270/70, 1,2 kg, Technologie Rapid Air, 7 préréglages, noir', 'seller_price': '196\n€20', 'seller_name_fp': 'AC-Electro', 'captcha': '', 'seller_listing': '/mp-1949-phi8710103972105.html?Filter=New', 'product_image': ['https://www.cdiscount.com/pdt2/1/0/5/1/065x065/phi8710103972105/rw/friteuse-sans-huile-philips-airfryer-xl-serie-3000.jpg', 'https://www.cdiscount.com/pdt2/1/0/5/2/065x065/phi8710103972105/rw/friteuse-sans-huile-philips-airfryer-xl-serie-3000.jpg', 'https://www.cdiscount.com/pdt2/1/0/5/3/065x065/phi8710103972105/rw/friteuse-sans-huile-philips-airfryer-xl-serie-3000.jpg', 'https://www.cdiscount.com/pdt2/1/0/5/4/065x065/phi8710103972105/rw/friteuse-sans-huile-philips-airfryer-xl-serie-3000.jpg', 'https://www.cdiscount.com/pdt2/1/0/5/5/065x065/phi8710103972105/rw/friteuse-sans-huile-philips-airfryer-xl-serie-3000.jpg', 'https://www.cdiscount.com/pdt2/1/0/5/6/065x065/phi8710103972105/rw/friteuse-sans-huile-philips-airfryer-xl-serie-3000.jpg'], 'description': ['PHILIPS Airfryer XL Série 3000 HD9270/70, Friteuse sans huile, 1,2 kg, Technologie Rapid Air, 7 préréglages, noir', '', 'PUBLICITÉ', 'Tableau de caractéristiques du produit', 'Caractéristique', 'Description', 'Informations générales sur le produit', 'Marque', 'PHILIPS', '', 'Nom du produit', 'Friteuse sans huile PHILIPS Airfryer XL Série 3000', 'Catégorie', 'FRITEUSE ELECTRIQUE', 'Référence', 'HD9270/70', 'Informations sur le produit', 'Couleur(s)', 'Noir et argent', 'Autres caractéristiques', 'Flux d’air élevé: Frire, Rôtir, Griller, Cuire, Cuisson dans un seul récipient, Rissoler, Faire sauter, Cuisson de surgelés, Réchauffer, Décongeler, Maintenir au chaud, Déshydrater, Toaster, Mijoter', 'Général', 'Type de produit', 'Air Fryer', 'Capacité', '6,2 litres', 'Contenance en aliments', '1,2 kg', 'Nombre de personnes', '5', 'Largeur', '31,5 cm', 'Profondeur', '30,7 cm', 'Hauteur', '40,3 cm', 'Poids', '5,55 kg', 'Fonctions', 'Arrêt automatique, Parois froides, Compatible lave-vaisselle, Bouton marche/arrêt, Signal Prêt-à-utiliser, Thermostat, Témoin lumineux, QuickClean, Affichage LED, Technologie brevetée Rapid Air, Réglage de la durée', 'Réglages, commandes et voyants', 'Nombre de programmes de cuisson', '14', 'Nombre de modes de cuisson', '14', 'Consommation', 'Alimentation', '2000 W', 'Longueur du cordon', '0,8 m', 'Dimensions et poids', 'Largeur', '31,5 cm', 'Hauteur', '40,3 cm', 'Profondeur', '30,7 cm', 'Poids', '5,55 kg', 'Affichage', 'Type', 'Écran tactile avec 7 préréglages', 'Vos garanties incluses', 'Garantie (²)', '2 ans', ''], 'page_seller': '/mpvv-147145-AC-Electro.html', 'offer_count': '21 neufs', 'out_of_stock': '', 'sold': '', 'offers': [{'seller_price': '149\n€99', 'seller_name': 'Cdiscount', 'shipping_rate_price': 'Livraison à domicile ou en point retrait', 'expedition_country': '', 'sales_realized': '', 'seller_rating': '', 'state': 'Neuf'}, {'seller_price': '164\n€30', 'seller_name': 'TRADEINN', 'shipping_rate_price': 'Gratuit', 'expedition_country': 'ESPAGNE', 'sales_realized': '61825', 'seller_rating': 'Évaluations(1633                            avis)\n3,8/5', 'state': 'Neuf'}, {'seller_price': '177\n€98', 'seller_name': 'LMD Distribution', 'shipping_rate_price': 'Gratuit', 'expedition_country': 'FRANCE', 'sales_realized': '5301', 'seller_rating': 'Évaluations(66                            avis)\n3,7/5', 'state': 'Neuf'}, {'seller_price': '167\n€42', 'seller_name': 'yes-Promo', 'shipping_rate_price': '12,11€', 'expedition_country': 'ESTONIE', 'sales_realized': '509', 'seller_rating': 'Évaluation(1                            avis)\n1/5', 'state': 'Neuf'}, {'seller_price': '187\n€90', 'seller_name': 'Trending Utopic', 'shipping_rate_price': 'Gratuit', 'expedition_country': 'ESPAGNE', 'sales_realized': '4268', 'seller_rating': 'Évaluations(88                            avis)\n3,8/5', 'state': 'Neuf'}, {'seller_price': '182\n€40', 'seller_name': 'Fexy-shop', 'shipping_rate_price': '12,01€', 'expedition_country': 'ALLEMAGNE', 'sales_realized': '2571', 'seller_rating': 'Évaluations(72                            avis)\n3,8/5', 'state': 'Neuf'}, {'seller_price': '196\n€20', 'seller_name': 'AC-Electro', 'shipping_rate_price': 'Gratuit', 'expedition_country': 'BELGIQUE', 'sales_realized': '450', 'seller_rating': 'Évaluations(4                            avis)\n4,5/5', 'state': 'Neuf'}, {'seller_price': '196\n€20', 'seller_name': 'GLD Group', 'shipping_rate_price': 'Gratuit', 'expedition_country': 'FRANCE', 'sales_realized': '26', 'seller_rating': 'Évaluation(0                            avis)\nAucun avis', 'state': 'Neuf'}, {'seller_price': '196\n€20', 'seller_name': 'TOUT-POUR-LA-MAISON', 'shipping_rate_price': 'Gratuit', 'expedition_country': 'FRANCE', 'sales_realized': '2223', 'seller_rating': 'Évaluations(430                            avis)\n3,2/5', 'state': 'Neuf'}, {'seller_price': '198\n€10', 'seller_name': 'Global Market 54', 'shipping_rate_price': 'Gratuit', 'expedition_country': 'ESPAGNE', 'sales_realized': '9', 'seller_rating': 'Évaluation(0                            avis)\nAucun avis', 'state': 'Neuf'}], 'prouct_sheet_link': 'https://www.cdiscount.com/electromenager/petits-appareils-de-cuisson/friteuse-sans-huile-philips-airfryer-xl-serie-3000/f-1102002-phi8710103972105.html?idOffre=1971802963#mpos=0|mp'}, 'product_11': {'ean': '8806094813791', 'title': 'SAMSUNG Galaxy A34 5G Argenté 128 Go', 'seller_price': '344\n€12', 'seller_name_fp': 'AC-Electro', 'captcha': '', 'seller_listing': '/mp-3616-sam8806094813791.html?Filter=New', 'product_image': ['https://www.cdiscount.com/pdt2/7/9/1/1/065x065/sam8806094813791/rw/samsung-galaxy-a34-5g-argente-128-go.jpg', 'https://www.cdiscount.com/pdt2/7/9/1/2/065x065/sam8806094813791/rw/samsung-galaxy-a34-5g-argente-128-go.jpg', 'https://www.cdiscount.com/pdt2/7/9/1/3/065x065/sam8806094813791/rw/samsung-galaxy-a34-5g-argente-128-go.jpg', 'https://www.cdiscount.com/pdt2/7/9/1/4/065x065/sam8806094813791/rw/samsung-galaxy-a34-5g-argente-128-go.jpg', 'https://www.cdiscount.com/pdt2/7/9/1/5/065x065/sam8806094813791/rw/samsung-galaxy-a34-5g-argente-128-go.jpg', 'https://www.cdiscount.com/pdt2/7/9/1/6/065x065/sam8806094813791/rw/samsung-galaxy-a34-5g-argente-128-go.jpg', 'https://www.cdiscount.com/pdt2/7/9/1/7/065x065/sam8806094813791/rw/samsung-galaxy-a34-5g-argente-128-go.jpg', 'https://www.cdiscount.com/pdt2/7/9/1/8/065x065/sam8806094813791/rw/samsung-galaxy-a34-5g-argente-128-go.jpg', 'https://www.cdiscount.com/pdt2/7/9/1/9/065x065/sam8806094813791/rw/samsung-galaxy-a34-5g-argente-128-go.jpg'], 'description': ['Ecran 6,6’’ Super AMOLED 120Hz - Triple capteur photo et selfie 13MP - Capteur principal 48MP avec stabilisation optique - Résistant à l’eau et à la poussière (IP67) - Jusqu’à 2 jours d’autonomie et charge rapide 25W', '', 'PUBLICITÉ', 'Tableau de caractéristiques du produit', 'Caractéristique', 'Description', 'Informations générales sur le produit', 'Marque', 'SAMSUNG', '', 'Nom du produit', 'SAMSUNG Galaxy A34 5G Argenté 128 Go', 'Catégorie', 'SMARTPHONE', 'Référence', 'SM-A346BZSAEUB', 'Informations sur le produit', 'Sous-état', 'Neuf', 'Couleur(s)', 'Argent', 'Notes', 'SAMSUNG A34 5G Argent 128 Go', 'Information DAS', 'Le DAS (débit d’absorption spécifique) des téléphones mobiles quantifie le niveau d’exposition', 'maximal de l’utilisateur aux ondes électromagnétiques, pour une utilisation à l’oreille.', 'La réglementation française impose que le DAS ne dépasse pas 2W/kg', 'Capacité (mémoire)', '128 Go', 'Indice de réparabilité', '8,3', 'Adaptateur secteur', 'Non', 'Général', 'Type de produit', 'Smartphone', 'Modèle de téléphone', 'A34 5G', 'Résistance', 'Résistance à l’eau - Certification IP67', 'Localisation', 'GPS, GLONASS, Beidou, Galileo, QZSS', 'Couleur du boitier', 'Gris', 'Livré avec', ""1. Smartphone 2. Câble USB-C 3. Clé d'éjection de la carte SIM 4. Guide de démarrage rapide"", 'Profondeur', '0.82', 'Largeur', '7.81', 'Hauteur', '16.130000000000003', 'Poids', '199g', 'Valeur DAS', 'DAS tête : 0,546W/kg DAS corps : 1,488W/kg DAS membres : 2,68W/kg', 'Coloris disponibles', 'Argenté, Graphite, Lime, Lavand', 'Format', 'Tactile', ""Système d'exploitation"", 'Android 13', 'Type de Produit', 'smartphone', 'Téléphone mobile', ""Système d'exploitation"", 'Android 13', 'Technologie', 'One UI 5.1', 'Génération à haut débit mobile', '5G', 'Type de carte SIM', 'Dual SIM', 'Technologie de paiement', 'Samsung pay', 'Assistant intelligent', 'Bixby, Google Assistant et Alexa', 'Processeur', 'Type', 'MediaTek Dimensity 1080 (MT6877V)', 'Qté de coeur de processeur', 'Octo-core', ""Fréquence d'horloge du processeur"", '2.6GHz, 2GHz', 'Processeur', 'MediaTek Dimensity 1080 (MT6877V)', 'Affichage', ""Taille d'écran"", '6.6“', 'Technologie', 'Super AMOLED', 'Résolution écran', 'Full HD+ ; 2340 x 1080p ; 393ppp', 'Caractéristiques', 'Gorilla Glass 5', 'Type', 'Ecran Infinity-U', 'Taille de la diagonale', '6.6“', ""Résolution d'écran"", 'Full HD+ ; 2340 x 1080p ; 393ppp', 'Fréquence de rafraichissement', '120 Hz', 'Ecran tactile', 'Oui', 'Résolution', 'Full HD+ ; 2340 x 1080p ; 393ppp', 'Appareil photo numérique', 'Résolution du Capteur', '48 MP', 'Caractéristiques', 'Optimiseur de scènes - Aide au cadrage - Lancement rapide', ""Ouverture de l'objectif"", 'f/1.8', 'Résolution du capteur', '48 MP', ""Résolutions de l'enregistreur vidéo"", 'Enregistrement jusqu’en 4K UHD 30fps - Enregistrement en Slowmotion HD 240fps - Enregistrement en Super Slowmotion en HD 480fps - Lecture jusqu’en 4K UHD 30fps', 'Source de lumière de la caméra', 'Flash LED', 'Résolution de la caméra arrière', '48 MP', 'Résolution de la caméra avant', '32MP', 'Système de navigation', 'Logiciels et services de navigation', 'GPS, GLONASS, Beidou, Galileo, QZSS', 'Navigation', 'Google Maps', 'Communications', 'Profils Bluetooth', 'Bluetooth 5.3', 'Bande 2G', 'DCS1800, GSM850, GSM900, PCS1900', 'Fréquence LTE 4G', 'B1, B2, B3, B4, B5, B7, B8, B12, B17, B20, B26, B28, B32, B38(2600), B40(2300), B41(2500), B66', 'Fréquence UMTS 3G', 'B1(2100), B2(1900), B5(850), B8(900)', 'Fréquence 5G NR', 'n1(2100), n3(1800), n7(2600), n8(900), n20(800), n28(700), n38(2600),', 'Caractéristiques du téléphone', 'Fonctions du téléphone', 'Appels, SMS, MMS, photos, vidéos, musique, connextion internet, agenda, applications bureautique, applications multimédia', 'Capteurs', 'Capteur d’empreinte digitale sous l’écran - Reconnaissance faciale - Accéléromètre, gyroscope - Capteur de luminosité, proximité, magnétique - capteur géomagnétique', 'Fonctions supplémentaires', 'Apps Samsung (Galaxy store, Bixby, Samsung Members, Samsung TV, SmartThings, Smart Switch, Samsung Wallet, Samsung Notes, Game Launcher...) - Apps Google (Chrome, Gmail, Maps, Play Films & TV, Play Store, Photos, Youtube, Drive, Duo…) - Autres apps (Onedrive, Facebook, Linkedin, Outlook, Spotify...)', 'Dispositifs de sécurité', 'Capteur d’empreinte digitale sur la tranche - Reconnaissance faciale', 'Technologie de sécurité', 'Android - Secured by Knox', 'Lecteur multimédia', 'Améliorations sonores', 'Dolby Atmos', 'Mémoire', 'RAM', '8 Go', 'Mémoire intégrée', '128 Go', 'Capacité de la mémoire interne', '128 Go', 'Stockage', 'Port microSD jusqu’à 1To', 'Connexions', 'Type de connecteur', 'USB Type-C ; USB 2.0', 'Batterie', 'Capacité', '5000 mAh', 'Caméra avant', 'Résolution du capteur', '13MP', 'Fonctionnalités', 'Selfie paume', ""Ouverture de l'objectif"", 'Ouverture f/2.2', 'Source de lumière', 'Flash avant', 'Caméra arrière', 'Caractéristiques', 'Optimiseur de scènes - Aide au cadrage - Lancement rapide', 'Résolution du capteur', '50MP', 'Source de lumière de la caméra', 'Flash LED', ""Ouverture de l'objectif"", 'f/1.8', 'Source de lumière', 'Flash LED', 'Mode HDR', 'Oui', 'Deuxième caméra arrière', ""Ouverture de l'objectif"", 'f/2.2', 'Résolution de capteur', '8MP', 'Caractéristiques', 'Angle d’ouverture à 123°', 'Nom de capteur', 'Ultra Grand Angle', 'Résolution du capteur', '8MP', 'Deuxième caméra avant', 'Résolution du capteur', '8MP', 'Ouverture de lentille', 'f/2.2', 'Champ de vue (FOV)', 'Angle d’ouverture à 123°', 'Vos garanties incluses', 'Garantie (²)', '2 ans', 'Observations', 'Dans le cas où une garantie commerciale est proposée par le vendeur, celle-ci ne fait pas obstacle à', 'l’application de la garantie légale de conformité et/ou à la garantie des vices cachés. Voir', 'conditions de cette garantie commerciale dans les CGV du vendeur et/ou dans les CGU Marketplace', 'Troisième caméra arrière', 'Ouverture de lentille', 'f/2.4', 'Résolution de capteur', '5MP', 'Résolution du capteur', '5MP', 'Nom de capteur', 'Macro', ''], 'page_seller': '/mpvv-147145-AC-Electro.html', 'offer_count': '36 neufs', 'out_of_stock': '', 'sold': '', 'offers': [{'seller_price': '287\n€59', 'seller_name': 'Icoza', 'shipping_rate_price': 'Gratuit', 'expedition_country': 'FRANCE', 'sales_realized': '30870', 'seller_rating': 'Évaluations(2303                            avis)\n4,2/5', 'state': 'Neuf'}, {'seller_price': '288\n€09', 'seller_name': 'Super 10count', 'shipping_rate_price': 'Gratuit', 'expedition_country': 'FRANCE', 'sales_realized': '5530', 'seller_rating': 'Évaluations(329                            avis)\n3,8/5', 'state': 'Neuf'}, {'seller_price': '294\n€11', 'seller_name': 'ZOOMICI', 'shipping_rate_price': 'Gratuit', 'expedition_country': 'FRANCE', 'sales_realized': '163058', 'seller_rating': 'Évaluations(21452                            avis)\n4/5', 'state': 'Neuf'}, {'seller_price': '294\n€00', 'seller_name': 'Neondigital', 'shipping_rate_price': '9,99€', 'expedition_country': 'LUXEMBOURG', 'sales_realized': '3602', 'seller_rating': 'Évaluations(150                            avis)\n4,4/5', 'state': 'Neuf'}, {'seller_price': '317\n€95', 'seller_name': 'YDIS', 'shipping_rate_price': 'Gratuit', 'expedition_country': 'FRANCE', 'sales_realized': '7070', 'seller_rating': 'Évaluations(260                            avis)\n4,6/5', 'state': 'Neuf'}, {'seller_price': '329\n€90', 'seller_name': 'HEYBIT Store', 'shipping_rate_price': 'Gratuit', 'expedition_country': 'PORTUGAL', 'sales_realized': '307', 'seller_rating': 'Évaluations(720                            avis)\n4,4/5', 'state': 'Neuf'}, {'seller_price': '332\n€22', 'seller_name': 'Vpc Boost', 'shipping_rate_price': 'Gratuit', 'expedition_country': 'FRANCE', 'sales_realized': '31373', 'seller_rating': 'Évaluations(3957                            avis)\n4,3/5', 'state': 'Neuf'}, {'seller_price': '335\n€39', 'seller_name': 'MAX-G-MOBILE SL', 'shipping_rate_price': 'Gratuit', 'expedition_country': 'ESPAGNE', 'sales_realized': '2527', 'seller_rating': 'Évaluations(350                            avis)\n3,3/5', 'state': 'Neuf'}, {'seller_price': '335\n€89', 'seller_name': 'Gpas Plus', 'shipping_rate_price': 'Gratuit', 'expedition_country': 'FRANCE', 'sales_realized': '3561', 'seller_rating': 'Évaluations(367                            avis)\n3,9/5', 'state': 'Neuf'}, {'seller_price': '337\n€99', 'seller_name': 'ALMETECH  France', 'shipping_rate_price': 'Gratuit', 'expedition_country': 'FRANCE', 'sales_realized': '1745', 'seller_rating': 'Évaluations(24                            avis)\n4,2/5', 'state': 'Neuf'}], 'prouct_sheet_link': 'https://www.cdiscount.com/telephonie/telephone-mobile/samsung-galaxy-a34-5g-argente-128-go/f-1440402-sam8806094813791.html?idOffre=2561142142#mpos=0|mp'}, 'product_12': {'ean': '3221614007347', 'title': 'ROWENTA Silence Force Cyclonic Aspirateur sans sac Silencieux, Capacité 2,5L, Accessoires poils animaux, Fabriqué en France RO7260EA', 'seller_price': '199\n€13', 'seller_name_fp': 'AC-Electro', 'captcha': '', 'seller_listing': '/mp-370335-rowro7260ea.html?Filter=New', 'product_image': ['https://www.cdiscount.com/pdt2/0/e/a/1/065x065/rowro7260ea/rw/rowenta-silence-force-cyclonic-aspirateur-sans-sac.jpg', 'https://www.cdiscount.com/pdt2/0/e/a/2/065x065/rowro7260ea/rw/rowenta-silence-force-cyclonic-aspirateur-sans-sac.jpg', 'https://www.cdiscount.com/pdt2/0/e/a/3/065x065/rowro7260ea/rw/rowenta-silence-force-cyclonic-aspirateur-sans-sac.jpg', 'https://www.cdiscount.com/pdt2/0/e/a/4/065x065/rowro7260ea/rw/rowenta-silence-force-cyclonic-aspirateur-sans-sac.jpg', 'https://www.cdiscount.com/pdt2/0/e/a/5/065x065/rowro7260ea/rw/rowenta-silence-force-cyclonic-aspirateur-sans-sac.jpg'], 'description': [""Performance de nettoyage exceptionnelle et design ergonomique. Tête d'aspiration unique à 2 positions POWER AIR qui assure une glisse optimale sur toutes les surfaces. Sa performance et son efficacité énergétique sont associées à des fonctionnalités avancées."", '', 'PUBLICITÉ', 'Tableau de caractéristiques du produit', 'Caractéristique', 'Description', 'Informations générales sur le produit', 'Marque', 'ROWENTA', '', 'Nom du produit', 'ROWENTA Silence Force Cyclonic Aspirateur sans sac', 'Catégorie', 'ASPIRATEUR TRAINEAU', 'Référence', 'RO7260EA', 'Informations sur le produit', 'Indice de réparabilité', '9,4', 'Couleur(s)', 'Noir et gris', 'Autres caractéristiques', 'Fabrication française', 'Général', 'Type de produit', 'Aspirateur', 'Collecte des poussières', 'Sans sac', 'Capacité du collecteur', '2.5 litres', 'Mode de nettoyage', 'Sec', 'Nombre de niveaux de filtration', '3', 'Type de filtre', 'Mousse', 'Couleur', 'Vert', 'Type de nettoyant', 'Traineau', ""Type d'aspirateur"", 'Usage général', 'Technologie Cyclonic', 'Oui', 'Réglages, commandes et voyants', 'Indicateurs', 'Indicateur de niveau de poussière', 'Consommation', ""Type d'alimentation"", 'Secteur', 'Longueur du cordon', '6.2 m', ""Consommation d'énergie annuelle"", '22 kWh', 'Type de prise', 'Européen', ""Puissance d'entrée nominale"", '550 Watt', 'Divers', 'Matériau du tube', 'Métal', ""Rayon d'action"", '8.8 m', 'Outils inclus', 'Suceur plat, suceur ameublement, brosse spécial parquet Soft Care, brosse multi-fonctions, brosse à 2 positions, tube télescopique, poignée Ergo Comfort', 'Niveau sonore maximum', '72 dB', 'Attributs de recherche', 'Nettoyage|Mode de nettoyage', 'Sec', 'Vos garanties incluses', 'Garantie (²)', '2 ans', 'Observations', 'Dans le cas où une garantie commerciale est proposée par le vendeur, celle-ci ne fait pas obstacle à', 'l’application de la garantie légale de conformité et/ou à la garantie des vices cachés. Voir', 'conditions de cette garantie commerciale dans les CGV du vendeur et/ou dans les CGU Marketplace', ''], 'page_seller': '/mpvv-147145-AC-Electro.html', 'offer_count': '13 neufs', 'out_of_stock': '', 'sold': '', 'offers': [{'seller_price': '159\n€99', 'seller_name': 'Cdiscount', 'shipping_rate_price': 'Livraison à domicile ou en point retrait', 'expedition_country': '', 'sales_realized': '', 'seller_rating': '', 'state': 'Neuf'}, {'seller_price': '186\n€90', 'seller_name': 'Nouveaux Marchands', 'shipping_rate_price': 'Gratuit', 'expedition_country': 'FRANCE', 'sales_realized': '50860', 'seller_rating': 'Évaluations(8719                            avis)\n4,2/5', 'state': 'Neuf'}, {'seller_price': '199\n€13', 'seller_name': 'AC-Electro', 'shipping_rate_price': 'Gratuit', 'expedition_country': 'BELGIQUE', 'sales_realized': '450', 'seller_rating': 'Évaluations(4                            avis)\n4,5/5', 'state': 'Neuf'}, {'seller_price': '210\n€54', 'seller_name': 'yes-Promo', 'shipping_rate_price': 'Gratuit', 'expedition_country': 'ESTONIE', 'sales_realized': '509', 'seller_rating': 'Évaluation(1                            avis)\n1/5', 'state': 'Neuf'}, {'seller_price': '212\n€06', 'seller_name': 'ASdiscount', 'shipping_rate_price': 'Gratuit', 'expedition_country': 'FRANCE', 'sales_realized': '114680', 'seller_rating': 'Évaluations(39024                            avis)\n4,1/5', 'state': 'Neuf'}, {'seller_price': '217\n€04', 'seller_name': 'MILE SHOP', 'shipping_rate_price': 'Gratuit', 'expedition_country': 'CHINE', 'sales_realized': '24', 'seller_rating': 'Évaluation(0                            avis)\nAucun avis', 'state': 'Neuf'}, {'seller_price': '220\n€99', 'seller_name': 'Mondo Top', 'shipping_rate_price': 'Gratuit', 'expedition_country': 'ITALIE', 'sales_realized': '3018', 'seller_rating': 'Évaluations(210                            avis)\n3,9/5', 'state': 'Neuf'}, {'seller_price': '224\n€99', 'seller_name': 'Yeppon', 'shipping_rate_price': 'Gratuit', 'expedition_country': 'ITALIE', 'sales_realized': '14276', 'seller_rating': 'Évaluations(783                            avis)\n4,2/5', 'state': 'Neuf'}, {'seller_price': '229\n€80', 'seller_name': 'TOUT-POUR-LA-MAISON', 'shipping_rate_price': 'Gratuit', 'expedition_country': 'FRANCE', 'sales_realized': '2223', 'seller_rating': 'Évaluations(430                            avis)\n3,2/5', 'state': 'Neuf'}, {'seller_price': '200\n€19', 'seller_name': 'Best Digit', 'shipping_rate_price': '35,00€', 'expedition_country': 'ITALIE', 'sales_realized': '4646', 'seller_rating': 'Évaluations(161                            avis)\n4,4/5', 'state': 'Neuf'}], 'prouct_sheet_link': 'https://www.cdiscount.com/electromenager/aspirateurs-nettoyeurs/rowenta-silence-force-cyclonic-aspirateur-sans-sac/f-1101423-rowro7260ea.html?idOffre=1741394445#mpos=0|mp'}, 'product_13': {'ean': '4039784254138', 'title': 'Aspirateur 3 en 1 Injecteur extracteur eau et poussières KARCHER SE 4001 - Cuve polypropylène 18 L - 1200W', 'seller_price': '237\n€85', 'seller_name_fp': 'AC-Electro', 'captcha': '', 'seller_listing': '/mp-352874-10811300.html', 'product_image': ['https://www.cdiscount.com/pdt2/3/0/0/1/065x065/10811300/rw/aspirateur-3-en-1-injecteur-extracteur-eau-et-pous.jpg', 'https://www.cdiscount.com/pdt2/3/0/0/2/065x065/10811300/rw/aspirateur-3-en-1-injecteur-extracteur-eau-et-pous.jpg', 'https://www.cdiscount.com/pdt2/3/0/0/3/065x065/10811300/rw/aspirateur-3-en-1-injecteur-extracteur-eau-et-pous.jpg', 'https://www.cdiscount.com/pdt2/3/0/0/4/065x065/10811300/rw/aspirateur-3-en-1-injecteur-extracteur-eau-et-pous.jpg', 'https://www.cdiscount.com/pdt2/3/0/0/5/065x065/10811300/rw/aspirateur-3-en-1-injecteur-extracteur-eau-et-pous.jpg'], 'description': [""L'injecteur / extracteur SE 4001 de Kärcher assure une propreté irréprochable et en profondeur des moquettes et sols durs. Idéal pour les personnes souffrant d'allergies mais également pour les propriétaires d'animaux. Avec le SE 4001, propreté et hygiène sont aux rendez-vous. Son grand réservoir d'eau amovible et sa grande cuve de 4 L vous permettra un nettoyage confortable et efficace."", '', 'PUBLICITÉ', 'Tableau de caractéristiques du produit', 'Caractéristique', 'Description', 'Informations générales sur le produit', 'Marque', 'KARCHER', '', 'Nom du produit', 'Aspirateur 3 en 1 Injecteur extracteur eau et pous', 'Catégorie', 'ASPIRATEUR INDUSTRIEL', 'Référence', '10811300', 'Général', 'Composition du lot', 'Buse sol, suceur eau/poussière, suceur fente, suceur fauteuil, filtre mousse, détergent moquette', 'Plus produit', 'Technologie du suceur pour un tps de séchage rapide, idéal nettoyage tapis, canapé, siège voiture', 'Aspirateur de chantier', 'Dépression en kPa', '21 kPa', 'Capacité cuve / réservoir', '18 l', 'Eléments aspirés', 'Liquide', 'Poussière', 'Informations complémentaires', 'Informations complémentaires', 'Cuve Polypropylène', 'Garantie', 'Garantie (²)', '2 ans', 'Observations', 'Dans le cas où une garantie commerciale est proposée par le vendeur, celle-ci ne fait pas obstacle à', 'l’application de la garantie légale de conformité et/ou à la garantie des vices cachés. Voir', 'conditions de cette garantie commerciale dans les CGV du vendeur et/ou dans les CGU Marketplace', '', '', '', '', '', 'Notice Aspirateur 3 en 1 Injecteur extracteur eau et poussières KARCHER SE 4001 - Cuve polypropylène 18 L - 1200W', '', '', '', ""Le mode d’emploi de votre Aspirateur 3 en 1 Injecteur extracteur eau et poussières KARCHER SE 4001 - Cuve polypropylène 18 L - 1200W recèle une véritable mine d’informations pratiques pour assimiler rapidement le fonctionnement de votre aspirateur industriel KARCHER garanti par le fabricant. Grâce à la notice d'utilisation, découvrez également"", 'comment entretenir Aspirateur 3 en 1 Injecteur extracteur eau et poussières KARCHER SE 4001 - Cuve polypropylène 18 L - 1200W', '.'], 'page_seller': '/mpvv-147145-AC-Electro.html', 'offer_count': '22 neufs et 1 occasion', 'out_of_stock': '', 'sold': '', 'offers': [{'seller_price': '194\n€99', 'seller_name': 'Cdiscount', 'shipping_rate_price': '(1)', 'expedition_country': '', 'sales_realized': '', 'seller_rating': '', 'state': 'Livraison gratuite'}, {'seller_price': '232\n€00', 'seller_name': 'Stacca', 'shipping_rate_price': 'Gratuit', 'expedition_country': 'MONACO', 'sales_realized': '24403', 'seller_rating': 'Évaluations(318                            avis)\n4,4/5', 'state': 'Neuf'}, {'seller_price': '236\n€21', 'seller_name': 'Vpc Boost', 'shipping_rate_price': 'Gratuit', 'expedition_country': 'FRANCE', 'sales_realized': '31307', 'seller_rating': 'Évaluations(3955                            avis)\n4,3/5', 'state': 'Neuf'}, {'seller_price': '232\n€09', 'seller_name': 'VERKTER', 'shipping_rate_price': '4,99€', 'expedition_country': 'LITUANIE', 'sales_realized': '694', 'seller_rating': 'Évaluations(10                            avis)\n3,2/5', 'state': 'Neuf'}, {'seller_price': '238\n€00', 'seller_name': 'UBALDI', 'shipping_rate_price': 'Gratuit', 'expedition_country': 'FRANCE', 'sales_realized': '16523', 'seller_rating': 'Évaluations(1993                            avis)\n4,5/5', 'state': 'Neuf'}, {'seller_price': '243\n€61', 'seller_name': 'svh24-', 'shipping_rate_price': '8,90€', 'expedition_country': 'ALLEMAGNE', 'sales_realized': '9498', 'seller_rating': 'Évaluations(395                            avis)\n4,3/5', 'state': 'Neuf'}, {'seller_price': '255\n€00', 'seller_name': '2YAAL', 'shipping_rate_price': 'Gratuit', 'expedition_country': 'FRANCE', 'sales_realized': '0', 'seller_rating': 'Évaluation(0                            avis)\nAucun avis', 'state': 'Neuf'}, {'seller_price': '263\n€38', 'seller_name': 'Maxoutil', 'shipping_rate_price': 'Gratuit', 'expedition_country': 'FRANCE', 'sales_realized': '67436', 'seller_rating': 'Évaluations(2351                            avis)\n4,3/5', 'state': 'Neuf'}, {'seller_price': '264\n€14', 'seller_name': 'Nouveaux Marchands', 'shipping_rate_price': 'Gratuit', 'expedition_country': 'FRANCE', 'sales_realized': '50816', 'seller_rating': 'Évaluations(8719                            avis)\n4,2/5', 'state': 'Neuf'}, {'seller_price': '265\n€92', 'seller_name': 'Minfo', 'shipping_rate_price': '3,00€', 'expedition_country': 'PORTUGAL', 'sales_realized': '545', 'seller_rating': 'Évaluations(216                            avis)\n4,2/5', 'state': 'Neuf'}], 'prouct_sheet_link': 'https://www.cdiscount.com/bricolage/nettoyage/aspirateur-3-en-1-injecteur-extracteur-eau-et-pous/f-1660206-10811300.html?idOffre=1730337478#mpos=0|mp'}, 'product_14': {'ean': '3221616000438', 'title': 'ROWENTA Aspirateur sans sac, Capacité XL 2,5 L, Performant, Ergonomique, Spécial animaux,  X-Trem Power Cyclonic RO6943EA', 'seller_price': '157\n€08', 'seller_name_fp': 'AC-Electro', 'captcha': '', 'seller_listing': '/mp-370335-rowro6943ea.html?Filter=New', 'product_image': ['https://www.cdiscount.com/pdt2/3/e/a/1/065x065/rowro6943ea/rw/rowenta-aspirateur-sans-sac-capacite-xl-2-5-l-pe.jpg', 'https://www.cdiscount.com/pdt2/3/e/a/2/065x065/rowro6943ea/rw/rowenta-aspirateur-sans-sac-capacite-xl-2-5-l-pe.jpg', 'https://www.cdiscount.com/pdt2/3/e/a/3/065x065/rowro6943ea/rw/rowenta-aspirateur-sans-sac-capacite-xl-2-5-l-pe.jpg', 'https://www.cdiscount.com/pdt2/3/e/a/4/065x065/rowro6943ea/rw/rowenta-aspirateur-sans-sac-capacite-xl-2-5-l-pe.jpg', 'https://www.cdiscount.com/pdt2/3/e/a/5/065x065/rowro6943ea/rw/rowenta-aspirateur-sans-sac-capacite-xl-2-5-l-pe.jpg'], 'description': ['ROWENTA Aspirateur sans sac, Capacité XL 2,5 L, Performant, Ergonomique, Spécial animaux,  X-Trem Power Cyclonic RO6943EA', '', 'PUBLICITÉ', 'Tableau de caractéristiques du produit', 'Caractéristique', 'Description', 'Informations générales sur le produit', 'Marque', 'ROWENTA', '', 'Nom du produit', 'ROWENTA Aspirateur sans sac, Capacité XL 2,5 L, Pe', 'Catégorie', 'ASPIRATEUR TRAINEAU', 'Référence', 'RO6943EA', 'Informations sur le produit', 'Indice de réparabilité', '9,2', 'Général', 'Collecte des poussières', 'Aspirateur sans sac cyclonique', 'Capacité du collecteur', 'Réservoir Extra Large : 2,5L', 'Mode de nettoyage', 'Aspire en profondeur. Convient à tous types de sols : parquet, sols durs, fragiles, tapis et moquettes.', 'Fonctions spéciales', ""Système 'clean express' : retirez/videz votre bac à poussières sans le moindre effort."", 'Fabriqué en France', 'Garanti 2 ans, réparable pendant 10 ans.', 'Type de filtre', '3 niveaux de filtration : cyclonique + filtre mousse + filtre permanent haute efficacité.', 'Consommation', 'Puissance électrique', ""Moteur puissant spécial basse consommation d'énergie à 550 W, sans compromis sur la performance. Capture 99,98 % de la poussière aspirée"", 'Longueur du cordon', 'Extra long 6,2m.', ""Maniable grâce à ses 3 roues dont 2 grandes à l'arrière. Large rayon d'action 8,8m"", 'Divers', 'Outils inclus', ""Tête d'aspiration haute efficacité 2 positions avec brossette multi-usage intégrée et poignée rétractable /  Brosse spéciale parquet pour les sols fragiles / Suceur fente"", 'Niveau sonore maximum', 'Silencieux : 72 dB(A)', 'Vos garanties incluses', 'Garantie (²)', '2 ans', 'Observations', 'Dans le cas où une garantie commerciale est proposée par le vendeur, celle-ci ne fait pas obstacle à', 'l’application de la garantie légale de conformité et/ou à la garantie des vices cachés. Voir', 'conditions de cette garantie commerciale dans les CGV du vendeur et/ou dans les CGU Marketplace', ''], 'page_seller': '/mpvv-147145-AC-Electro.html', 'offer_count': '8 neufs', 'out_of_stock': '', 'sold': '', 'offers': [{'seller_price': '129\n€99', 'seller_name': 'Cdiscount', 'shipping_rate_price': 'Livraison à domicile ou en point retrait', 'expedition_country': '', 'sales_realized': '', 'seller_rating': '', 'state': 'Neuf'}, {'seller_price': '157\n€08', 'seller_name': 'AC-Electro', 'shipping_rate_price': 'Gratuit', 'expedition_country': 'BELGIQUE', 'sales_realized': '453', 'seller_rating': 'Évaluations(4                            avis)\n4,5/5', 'state': 'Neuf'}, {'seller_price': '175\n€68', 'seller_name': 'yes-Promo', 'shipping_rate_price': 'Gratuit', 'expedition_country': 'ESTONIE', 'sales_realized': '510', 'seller_rating': 'Évaluation(1                            avis)\n1/5', 'state': 'Neuf'}, {'seller_price': '183\n€00', 'seller_name': 'Trending Utopic', 'shipping_rate_price': 'Gratuit', 'expedition_country': 'ESPAGNE', 'sales_realized': '4261', 'seller_rating': 'Évaluations(88                            avis)\n3,8/5', 'state': 'Neuf'}, {'seller_price': '189\n€98', 'seller_name': 'Fexy-shop', 'shipping_rate_price': 'Gratuit', 'expedition_country': 'ALLEMAGNE', 'sales_realized': '2567', 'seller_rating': 'Évaluations(72                            avis)\n3,8/5', 'state': 'Neuf'}, {'seller_price': '191\n€80', 'seller_name': 'GLD Group', 'shipping_rate_price': 'Gratuit', 'expedition_country': 'FRANCE', 'sales_realized': '27', 'seller_rating': 'Évaluation(0                            avis)\nAucun avis', 'state': 'Neuf'}, {'seller_price': '191\n€80', 'seller_name': 'TOUT-POUR-LA-MAISON', 'shipping_rate_price': 'Gratuit', 'expedition_country': 'FRANCE', 'sales_realized': '2212', 'seller_rating': 'Évaluations(430                            avis)\n3,2/5', 'state': 'Neuf'}, {'seller_price': '193\n€66', 'seller_name': 'eurekabelle', 'shipping_rate_price': 'Gratuit', 'expedition_country': 'BELGIQUE', 'sales_realized': '5', 'seller_rating': 'Évaluation(0                            avis)\nAucun avis', 'state': 'Neuf'}], 'prouct_sheet_link': 'https://www.cdiscount.com/electromenager/aspirateurs-nettoyeurs/rowenta-aspirateur-sans-sac-capacite-xl-2-5-l-pe/f-1101423-rowro6943ea.html?idOffre=2598291483#mpos=0|mp'}, 'product_15': {'ean': '8806092947719', 'title': 'Tablette Samsung Galaxy Tab A8 WiFi de couleur grise (Gris Foncé) avec écran 10,5"" Full HD+, 1920 x 1200 pixels, Android, WiFi, CPU', 'seller_price': '206\n€63', 'seller_name_fp': 'AC-Electro', 'captcha': '', 'seller_listing': '/mp-20653-sam8806092947719.html?Filter=New', 'product_image': 'https://www.cdiscount.com/pdt2/7/1/9/1/065x065/sam8806092947719/rw/tablette-samsung-galaxy-tab-a8-wifi-de-couleur-gri.jpg', 'description': ['Tablette Samsung Galaxy Tab A8 WiFi de couleur grise (Gris Foncé) avec écran 10,5"" Full HD+, 1920 x 1200 pixels, Android, WiFi, CPU Octa-core jusqu\'à 2GHz, 4Go RAM + 32Go stockage interne, microSD, caméra arrière 8MP et 5MP avant, batterie 7 040 mAh avec charge rapide (15W) et connecteur USB-C.Samsung Galaxy Tab A8 SM-X200. Taille de l\'écran: 26,7 cm (10.5""), Résolution de l\'écran: 1920 x 1200 pixels, Technologie', '', 'PUBLICITÉ', 'Tableau de caractéristiques du produit', 'Caractéristique', 'Description', 'Informations générales sur le produit', 'Marque', 'SAMSUNG', '', 'Nom du produit', 'Tablette Samsung Galaxy Tab A8 WiFi de couleur gri', 'Catégorie', 'TABLETTE TACTILE', 'Référence', 'SM-X200NZAAEUB', 'Général', ""Système d'exploitation"", 'Android', 'Affichage', 'Résolution', '1920 x 1200', 'Type', '10.5"" TFT', 'Mémoire', 'RAM', '3 Go', 'Stockage', '32 Go', 'Cartes mémoire flash prises en charge', 'microSD, microSDHC, microSDXC', 'Extension et connectivité', 'Interfaces', 'USB-C/USB 2.0', ''], 'page_seller': '/mpvv-147145-AC-Electro.html', 'offer_count': '26 neufs', 'out_of_stock': '', 'sold': '', 'offers': [{'seller_price': '171\n€80', 'seller_name': 'ELIAZON', 'shipping_rate_price': '6,00€', 'expedition_country': 'PAYS-BAS', 'sales_realized': '37175', 'seller_rating': 'Évaluations(619                            avis)\n4,3/5', 'state': 'Neuf'}, {'seller_price': '187\n€49', 'seller_name': 'arrivapresto', 'shipping_rate_price': 'Gratuit', 'expedition_country': 'ESPAGNE', 'sales_realized': '676', 'seller_rating': 'Évaluations(15                            avis)\n4,3/5', 'state': 'Neuf'}, {'seller_price': '188\n€99', 'seller_name': 'Yeppon', 'shipping_rate_price': 'Gratuit', 'expedition_country': 'ITALIE', 'sales_realized': '14276', 'seller_rating': 'Évaluations(783                            avis)\n4,2/5', 'state': 'Neuf'}, {'seller_price': '184\n€99', 'seller_name': 'BLAN SRL', 'shipping_rate_price': '8,92€', 'expedition_country': 'ITALIE', 'sales_realized': '50', 'seller_rating': 'Évaluation(0                            avis)\nAucun avis', 'state': 'Neuf'}, {'seller_price': '195\n€56', 'seller_name': 'ALPEXE France', 'shipping_rate_price': 'Gratuit', 'expedition_country': 'FRANCE', 'sales_realized': '31692', 'seller_rating': 'Évaluations(9837                            avis)\n4,1/5', 'state': 'Neuf'}, {'seller_price': '186\n€97', 'seller_name': 'yes-Promo', 'shipping_rate_price': '8,77€', 'expedition_country': 'ESTONIE', 'sales_realized': '509', 'seller_rating': 'Évaluation(1                            avis)\n1/5', 'state': 'Neuf'}, {'seller_price': '202\n€60', 'seller_name': 'TOUT-POUR-LA-MAISON', 'shipping_rate_price': 'Gratuit', 'expedition_country': 'FRANCE', 'sales_realized': '2223', 'seller_rating': 'Évaluations(430                            avis)\n3,2/5', 'state': 'Neuf'}, {'seller_price': '202\n€60', 'seller_name': 'GLD Group', 'shipping_rate_price': 'Gratuit', 'expedition_country': 'FRANCE', 'sales_realized': '26', 'seller_rating': 'Évaluation(0                            avis)\nAucun avis', 'state': 'Neuf'}, {'seller_price': '204\n€16', 'seller_name': 'stortle', 'shipping_rate_price': 'Gratuit', 'expedition_country': 'FRANCE', 'sales_realized': '7626', 'seller_rating': 'Évaluations(3922                            avis)\n4/5', 'state': 'Neuf'}, {'seller_price': '204\n€50', 'seller_name': 'Global Market 54', 'shipping_rate_price': 'Gratuit', 'expedition_country': 'ESPAGNE', 'sales_realized': '9', 'seller_rating': 'Évaluation(0                            avis)\nAucun avis', 'state': 'Neuf'}], 'prouct_sheet_link': 'https://www.cdiscount.com/informatique/tablettes-tactiles-ebooks/tablette-samsung-galaxy-tab-a8-wifi-de-couleur-gri/f-10798-sam8806092947719.html?idOffre=1870854679#mpos=0|mp'}, 'product_16': {'ean': '8806094885767', 'title': 'SAMSUNG Galaxy A54 5G Lime 128 Go', 'seller_price': '450\n€98', 'seller_name_fp': 'AC-Electro', 'captcha': '', 'seller_listing': '/mp-3616-sam8806094885767.html?Filter=New', 'product_image': ['https://www.cdiscount.com/pdt2/7/6/7/1/065x065/sam8806094885767/rw/samsung-galaxy-a54-5g-lime-128-go.jpg', 'https://www.cdiscount.com/pdt2/7/6/7/2/065x065/sam8806094885767/rw/samsung-galaxy-a54-5g-lime-128-go.jpg', 'https://www.cdiscount.com/pdt2/7/6/7/3/065x065/sam8806094885767/rw/samsung-galaxy-a54-5g-lime-128-go.jpg', 'https://www.cdiscount.com/pdt2/7/6/7/4/065x065/sam8806094885767/rw/samsung-galaxy-a54-5g-lime-128-go.jpg', 'https://www.cdiscount.com/pdt2/7/6/7/5/065x065/sam8806094885767/rw/samsung-galaxy-a54-5g-lime-128-go.jpg', 'https://www.cdiscount.com/pdt2/7/6/7/6/065x065/sam8806094885767/rw/samsung-galaxy-a54-5g-lime-128-go.jpg', 'https://www.cdiscount.com/pdt2/7/6/7/7/065x065/sam8806094885767/rw/samsung-galaxy-a54-5g-lime-128-go.jpg', 'https://www.cdiscount.com/pdt2/7/6/7/8/065x065/sam8806094885767/rw/samsung-galaxy-a54-5g-lime-128-go.jpg'], 'description': ['Ecran 6,4’’ Super AMOLED 120Hz - Triple capteur photo et selfie 32MP - Capteur principal 50MP avec stabilisation optique - Résistant à l’eau et à la poussière (IP67) - Jusqu’à 2 jours d’autonomie et charge rapide 25W', '', 'PUBLICITÉ', 'Tableau de caractéristiques du produit', 'Caractéristique', 'Description', 'Informations générales sur le produit', 'Marque', 'SAMSUNG', '', 'Nom du produit', 'SAMSUNG Galaxy A54 5G Lime 128 Go', 'Catégorie', 'SMARTPHONE', 'Référence', 'SM-A546BLGCEUB', 'Informations sur le produit', 'Sous-état', 'Neuf', 'Couleur(s)', 'Vert', 'Notes', 'SAMSUNG A54 5G Vert 128 Go', 'Information DAS', 'Le DAS (débit d’absorption spécifique) des téléphones mobiles quantifie le niveau d’exposition', 'maximal de l’utilisateur aux ondes électromagnétiques, pour une utilisation à l’oreille.', 'La réglementation française impose que le DAS ne dépasse pas 2W/kg', 'Capacité (mémoire)', '128 Go', 'Indice de réparabilité', '8,4', 'Adaptateur secteur', 'Non', 'Général', 'Type de produit', 'Smartphone', 'Modèle de téléphone', 'A54 5G', 'Résistance', 'Résistance à l’eau - Certification IP67', 'Localisation', 'GPS, GLONASS, Beidou, Galileo, QZSS', 'Couleur du boitier', 'Vert', 'Livré avec', ""1. Smartphone 2. Câble USB-C 3. Clé d'éjection de la carte SIM 4. Guide de démarrage rapide"", 'Profondeur', '0.82', 'Largeur', '7.4799999999999995', 'Hauteur', '15.819999999999999', 'Poids', '202g', 'Valeur DAS', 'DAS tête : 0,693W/kg DAS corps : 1,338W/kg DAS membres : 3,15W/kg', 'Coloris disponibles', 'Lavande, Lime, Blanc, Graphite', 'Format', 'Tactile', ""Système d'exploitation"", 'Android 13', 'Type de Produit', 'smartphone', 'Téléphone mobile', ""Système d'exploitation"", 'Android 13', 'Technologie', 'One UI 5.1', 'Génération à haut débit mobile', '5G', 'Type de carte SIM', 'Dual SIM', 'Technologie de paiement', 'Samsung pay', 'Assistant intelligent', 'Bixby, Google Assistant et Alexa', 'Processeur', 'Type', 'Exynos 1380', 'Qté de coeur de processeur', 'Octo-core', ""Fréquence d'horloge du processeur"", '2.4GHz, 2GHz', 'Processeur', 'Exynos 1380', 'Affichage', ""Taille d'écran"", '6.4“', 'Technologie', 'Super AMOLED', 'Résolution écran', 'Full HD+ ; 2340 x 1080p ; 401ppp', 'Caractéristiques', 'Gorilla Glass 5', 'Type', 'Ecran Infinity-O', 'Taille de la diagonale', '6.4“', ""Résolution d'écran"", 'Full HD+ ; 2340 x 1080p ; 401ppp', 'Fréquence de rafraichissement', '120 Hz', 'Ecran tactile', 'Oui', 'Résolution', 'Full HD+ ; 2340 x 1080p ; 401ppp', 'Appareil photo numérique', 'Résolution du Capteur', '50 MP', 'Caractéristiques', 'Optimiseur de scènes - Aide au cadrage - Lancement rapide', ""Ouverture de l'objectif"", 'f/1.8', 'Résolution du capteur', '50 MP', ""Résolutions de l'enregistreur vidéo"", 'Enregistrement jusqu’en 4K UHD 30fps - Enregistrement en Slowmotion HD 240fps - Enregistrement en Super Slowmotion en HD 480fps - Lecture jusqu’en 4K UHD 30fps', 'Source de lumière de la caméra', 'Flash LED', 'Résolution de la caméra arrière', '50 MP', 'Résolution de la caméra avant', '32MP', 'Système de navigation', 'Logiciels et services de navigation', 'GPS, GLONASS, Beidou, Galileo, QZSS', 'Navigation', 'Google Maps', 'Communications', 'Profils Bluetooth', 'Bluetooth 5.3', 'Bande 2G', 'DCS1800, GSM850, GSM900, PCS1900', 'Fréquence LTE 4G', 'B1, B2, B3, B4, B5, B7, B8, B12, B17, B20, B26, B28, B32, B38(2600), B40(2300), B41(2500), B66', 'Fréquence UMTS 3G', 'B1(2100), B2(1900), B5(850), B8(900)', 'Fréquence 5G NR', 'n1(2100), n3(1800), n7(2600), n8(900), n20(800), n28(700), n38(2600), n40(2300), n41(2500), n77(3700), n78(3500)', 'Caractéristiques du téléphone', 'Fonctions du téléphone', 'Appels, SMS, MMS, photos, vidéos, musique, connextion internet, agenda, applications bureautique, applications multimédia', 'Capteurs', 'Capteur d’empreinte digitale sous l’écran - Reconnaissance faciale - Accéléromètre, gyroscope - Capteur de luminosité, proximité, magnétique - capteur géomagnétique', 'Fonctions supplémentaires', 'Apps Samsung (Galaxy store, Bixby, Samsung Members, Samsung TV, SmartThings, Smart Switch, Samsung Wallet, Samsung Notes, Game Launcher...) - Apps Google (Chrome, Gmail, Maps, Play Films & TV, Play Store, Photos, Youtube, Drive, Duo…) - Autres apps (Onedrive, Facebook, Linkedin, Outlook, Spotify...)', 'Dispositifs de sécurité', 'Capteur d’empreinte digitale sur la tranche - Reconnaissance faciale', 'Technologie de sécurité', 'Android - Secured by Knox', 'Lecteur multimédia', 'Améliorations sonores', 'Dolby Atmos', 'Mémoire', 'RAM', '8 Go', 'Mémoire intégrée', '128 Go', 'Capacité de la mémoire interne', '128 Go', 'Stockage', 'Port microSD jusqu’à 1To', 'Connexions', 'Type de connecteur', 'USB Type-C ; USB 2.0', 'Batterie', 'Capacité', '5000 mAh', 'Caméra avant', 'Résolution du capteur', '32MP', 'Fonctionnalités', 'Selfie paume', ""Ouverture de l'objectif"", 'Ouverture f/2.2', 'Source de lumière', 'Flash avant', 'Caméra arrière', 'Caractéristiques', 'Optimiseur de scènes - Aide au cadrage - Lancement rapide', 'Résolution du capteur', '50MP', 'Source de lumière de la caméra', 'Flash LED', ""Ouverture de l'objectif"", 'f/1.8', 'Source de lumière', 'Flash LED', 'Mode HDR', 'Oui', 'Deuxième caméra arrière', ""Ouverture de l'objectif"", 'f/2.2', 'Résolution de capteur', '12MP', 'Caractéristiques', 'Angle d’ouverture à 123°', 'Nom de capteur', 'Ultra Grand Angle', 'Résolution du capteur', '12MP', 'Vos garanties incluses', 'Garantie (²)', '2 ans', 'Observations', 'Dans le cas où une garantie commerciale est proposée par le vendeur, celle-ci ne fait pas obstacle à', 'l’application de la garantie légale de conformité et/ou à la garantie des vices cachés. Voir', 'conditions de cette garantie commerciale dans les CGV du vendeur et/ou dans les CGU Marketplace', 'Troisième caméra arrière', 'Ouverture de lentille', 'f/2.4', 'Résolution de capteur', '5MP', 'Résolution du capteur', '5MP', 'Nom de capteur', 'Macro', ''], 'page_seller': '/mpvv-147145-AC-Electro.html', 'offer_count': '36 neufs', 'out_of_stock': '', 'sold': '', 'offers': [{'seller_price': '338\n€47', 'seller_name': 'FutureD', 'shipping_rate_price': 'Gratuit', 'expedition_country': '', 'sales_realized': '4140', 'seller_rating': 'Évaluations(24                            avis)\n4/5', 'state': 'Neuf'}, {'seller_price': '360\n€00', 'seller_name': 'Neondigital', 'shipping_rate_price': '9,99€', 'expedition_country': 'LUXEMBOURG', 'sales_realized': '', 'seller_rating': '', 'state': 'Neuf'}, {'seller_price': '396\n€97', 'seller_name': 'Morelenet', 'shipping_rate_price': 'Gratuit', 'expedition_country': 'POLOGNE', 'sales_realized': '3602', 'seller_rating': 'Évaluations(150                            avis)\n4,4/5', 'state': 'Neuf'}, {'seller_price': '405\n€99', 'seller_name': 'ALMETECH  France', 'shipping_rate_price': 'Gratuit', 'expedition_country': 'FRANCE', 'sales_realized': '2309', 'seller_rating': 'Évaluations(36                            avis)\n4,1/5', 'state': 'Neuf'}, {'seller_price': '429\n€41', 'seller_name': 'ZOOMICI', 'shipping_rate_price': 'Gratuit', 'expedition_country': 'FRANCE', 'sales_realized': '1745', 'seller_rating': 'Évaluations(24                            avis)\n4,2/5', 'state': 'Neuf'}, {'seller_price': '434\n€90', 'seller_name': 'HEYBIT Store', 'shipping_rate_price': 'Gratuit', 'expedition_country': 'PORTUGAL', 'sales_realized': '163058', 'seller_rating': 'Évaluations(21452                            avis)\n4/5', 'state': 'Neuf'}, {'seller_price': '449\n€00', 'seller_name': 'Cdiscount', 'shipping_rate_price': 'Livraison à domicile ou en point retrait', 'expedition_country': '', 'sales_realized': '307', 'seller_rating': 'Évaluations(720                            avis)\n4,4/5', 'state': 'Neuf'}, {'seller_price': '450\n€98', 'seller_name': 'AC-Electro', 'shipping_rate_price': 'Gratuit', 'expedition_country': 'BELGIQUE', 'sales_realized': '', 'seller_rating': '', 'state': 'Neuf'}, {'seller_price': '457\n€02', 'seller_name': 'ALPEXE France', 'shipping_rate_price': 'Gratuit', 'expedition_country': 'FRANCE', 'sales_realized': '456', 'seller_rating': 'Évaluations(4                            avis)\n4,5/5', 'state': 'Neuf'}, {'seller_price': '459\n€68', 'seller_name': 'Soderus', 'shipping_rate_price': 'Gratuit', 'expedition_country': 'LITUANIE', 'sales_realized': '31495', 'seller_rating': 'Évaluations(9837                            avis)\n4,1/5', 'state': 'Neuf'}], 'prouct_sheet_link': 'https://www.cdiscount.com/telephonie/telephone-mobile/samsung-galaxy-a54-5g-lime-128-go/f-1440402-sam8806094885767.html?idOffre=2561142153#mpos=0|mp'}, 'product_17': {'ean': '8806094813845', 'title': 'SAMSUNG Galaxy A34 5G Graphite 128 Go', 'seller_price': '344\n€12', 'seller_name_fp': 'AC-Electro', 'captcha': '', 'seller_listing': '/mp-3616-sam8806094813845.html?Filter=New', 'product_image': ['https://www.cdiscount.com/pdt2/8/4/5/1/065x065/sam8806094813845/rw/samsung-galaxy-a34-5g-graphite-128-go.jpg', 'https://www.cdiscount.com/pdt2/8/4/5/2/065x065/sam8806094813845/rw/samsung-galaxy-a34-5g-graphite-128-go.jpg', 'https://www.cdiscount.com/pdt2/8/4/5/3/065x065/sam8806094813845/rw/samsung-galaxy-a34-5g-graphite-128-go.jpg', 'https://www.cdiscount.com/pdt2/8/4/5/4/065x065/sam8806094813845/rw/samsung-galaxy-a34-5g-graphite-128-go.jpg', 'https://www.cdiscount.com/pdt2/8/4/5/5/065x065/sam8806094813845/rw/samsung-galaxy-a34-5g-graphite-128-go.jpg', 'https://www.cdiscount.com/pdt2/8/4/5/6/065x065/sam8806094813845/rw/samsung-galaxy-a34-5g-graphite-128-go.jpg', 'https://www.cdiscount.com/pdt2/8/4/5/7/065x065/sam8806094813845/rw/samsung-galaxy-a34-5g-graphite-128-go.jpg', 'https://www.cdiscount.com/pdt2/8/4/5/8/065x065/sam8806094813845/rw/samsung-galaxy-a34-5g-graphite-128-go.jpg', 'https://www.cdiscount.com/pdt2/8/4/5/9/065x065/sam8806094813845/rw/samsung-galaxy-a34-5g-graphite-128-go.jpg'], 'description': ['Ecran 6,6’’ Super AMOLED 120Hz - Triple capteur photo et selfie 13MP - Capteur principal 48MP avec stabilisation optique - Résistant à l’eau et à la poussière (IP67) - Jusqu’à 2 jours d’autonomie et charge rapide 25W', '', 'PUBLICITÉ', 'Tableau de caractéristiques du produit', 'Caractéristique', 'Description', 'Informations générales sur le produit', 'Marque', 'SAMSUNG', '', 'Nom du produit', 'SAMSUNG Galaxy A34 5G Graphite 128 Go', 'Catégorie', 'SMARTPHONE', 'Référence', 'SM-A346BZKAEUB', 'Informations sur le produit', 'Sous-état', 'Neuf', 'Couleur(s)', 'Noir', 'Notes', 'SAMSUNG A34 5G Noir 128 Go', 'Information DAS', 'Le DAS (débit d’absorption spécifique) des téléphones mobiles quantifie le niveau d’exposition', 'maximal de l’utilisateur aux ondes électromagnétiques, pour une utilisation à l’oreille.', 'La réglementation française impose que le DAS ne dépasse pas 2W/kg', 'Capacité (mémoire)', '128 Go', 'Indice de réparabilité', '8,3', 'Adaptateur secteur', 'Non', 'Général', 'Type de produit', 'Smartphone', 'Modèle de téléphone', 'A34 5G', 'Résistance', 'Résistance à l’eau - Certification IP67', 'Localisation', 'GPS, GLONASS, Beidou, Galileo, QZSS', 'Couleur du boitier', 'Noir', 'Livré avec', ""1. Smartphone 2. Câble USB-C 3. Clé d'éjection de la carte SIM 4. Guide de démarrage rapide"", 'Profondeur', '0.82', 'Largeur', '7.81', 'Hauteur', '16.130000000000003', 'Poids', '199g', 'Valeur DAS', 'DAS tête : 0,546W/kg DAS corps : 1,488W/kg DAS membres : 2,68W/kg', 'Coloris disponibles', 'Argenté, Graphite, Lime, Lavand', 'Format', 'Tactile', ""Système d'exploitation"", 'Android 13', 'Type de Produit', 'smartphone', 'Téléphone mobile', ""Système d'exploitation"", 'Android 13', 'Technologie', 'One UI 5.1', 'Génération à haut débit mobile', '5G', 'Type de carte SIM', 'Dual SIM', 'Technologie de paiement', 'Samsung pay', 'Assistant intelligent', 'Bixby, Google Assistant et Alexa', 'Processeur', 'Type', 'MediaTek Dimensity 1080 (MT6877V)', 'Qté de coeur de processeur', 'Octo-core', ""Fréquence d'horloge du processeur"", '2.6GHz, 2GHz', 'Processeur', 'MediaTek Dimensity 1080 (MT6877V)', 'Affichage', ""Taille d'écran"", '6.6“', 'Technologie', 'Super AMOLED', 'Résolution écran', 'Full HD+ ; 2340 x 1080p ; 393ppp', 'Caractéristiques', 'Gorilla Glass 5', 'Type', 'Ecran Infinity-U', 'Taille de la diagonale', '6.6“', ""Résolution d'écran"", 'Full HD+ ; 2340 x 1080p ; 393ppp', 'Fréquence de rafraichissement', '120 Hz', 'Ecran tactile', 'Oui', 'Résolution', 'Full HD+ ; 2340 x 1080p ; 393ppp', 'Appareil photo numérique', 'Résolution du Capteur', '48 MP', 'Caractéristiques', 'Optimiseur de scènes - Aide au cadrage - Lancement rapide', ""Ouverture de l'objectif"", 'f/1.8', 'Résolution du capteur', '48 MP', ""Résolutions de l'enregistreur vidéo"", 'Enregistrement jusqu’en 4K UHD 30fps - Enregistrement en Slowmotion HD 240fps - Enregistrement en Super Slowmotion en HD 480fps - Lecture jusqu’en 4K UHD 30fps', 'Source de lumière de la caméra', 'Flash LED', 'Résolution de la caméra arrière', '48 MP', 'Résolution de la caméra avant', '32MP', 'Système de navigation', 'Logiciels et services de navigation', 'GPS, GLONASS, Beidou, Galileo, QZSS', 'Navigation', 'Google Maps', 'Communications', 'Profils Bluetooth', 'Bluetooth 5.3', 'Bande 2G', 'DCS1800, GSM850, GSM900, PCS1900', 'Fréquence LTE 4G', 'B1, B2, B3, B4, B5, B7, B8, B12, B17, B20, B26, B28, B32, B38(2600), B40(2300), B41(2500), B66', 'Fréquence UMTS 3G', 'B1(2100), B2(1900), B5(850), B8(900)', 'Fréquence 5G NR', 'n1(2100), n3(1800), n7(2600), n8(900), n20(800), n28(700), n38(2600),', 'Caractéristiques du téléphone', 'Fonctions du téléphone', 'Appels, SMS, MMS, photos, vidéos, musique, connextion internet, agenda, applications bureautique, applications multimédia', 'Capteurs', 'Capteur d’empreinte digitale sous l’écran - Reconnaissance faciale - Accéléromètre, gyroscope - Capteur de luminosité, proximité, magnétique - capteur géomagnétique', 'Fonctions supplémentaires', 'Apps Samsung (Galaxy store, Bixby, Samsung Members, Samsung TV, SmartThings, Smart Switch, Samsung Wallet, Samsung Notes, Game Launcher...) - Apps Google (Chrome, Gmail, Maps, Play Films & TV, Play Store, Photos, Youtube, Drive, Duo…) - Autres apps (Onedrive, Facebook, Linkedin, Outlook, Spotify...)', 'Dispositifs de sécurité', 'Capteur d’empreinte digitale sur la tranche - Reconnaissance faciale', 'Technologie de sécurité', 'Android - Secured by Knox', 'Lecteur multimédia', 'Améliorations sonores', 'Dolby Atmos', 'Mémoire', 'RAM', '8 Go', 'Mémoire intégrée', '128 Go', 'Capacité de la mémoire interne', '128 Go', 'Stockage', 'Port microSD jusqu’à 1To', 'Connexions', 'Type de connecteur', 'USB Type-C ; USB 2.0', 'Batterie', 'Capacité', '5000 mAh', 'Caméra avant', 'Résolution du capteur', '13MP', 'Fonctionnalités', 'Selfie paume', ""Ouverture de l'objectif"", 'Ouverture f/2.2', 'Source de lumière', 'Flash avant', 'Caméra arrière', 'Caractéristiques', 'Optimiseur de scènes - Aide au cadrage - Lancement rapide', 'Résolution du capteur', '50MP', 'Source de lumière de la caméra', 'Flash LED', ""Ouverture de l'objectif"", 'f/1.8', 'Source de lumière', 'Flash LED', 'Mode HDR', 'Oui', 'Deuxième caméra arrière', ""Ouverture de l'objectif"", 'f/2.2', 'Résolution de capteur', '8MP', 'Caractéristiques', 'Angle d’ouverture à 123°', 'Nom de capteur', 'Ultra Grand Angle', 'Résolution du capteur', '8MP', 'Vos garanties incluses', 'Garantie (²)', '2 ans', 'Observations', 'Dans le cas où une garantie commerciale est proposée par le vendeur, celle-ci ne fait pas obstacle à', 'l’application de la garantie légale de conformité et/ou à la garantie des vices cachés. Voir', 'conditions de cette garantie commerciale dans les CGV du vendeur et/ou dans les CGU Marketplace', 'Troisième caméra arrière', 'Ouverture de lentille', 'f/2.4', 'Résolution de capteur', '5MP', 'Résolution du capteur', '5MP', 'Nom de capteur', 'Macro', ''], 'page_seller': '/mpvv-147145-AC-Electro.html', 'offer_count': '39 neufs', 'out_of_stock': '', 'sold': '', 'offers': [{'seller_price': '256\n€00', 'seller_name': 'ELIAZON', 'shipping_rate_price': '6,00€', 'expedition_country': 'PAYS-BAS', 'sales_realized': '37134', 'seller_rating': 'Évaluations(619                            avis)\n4,3/5', 'state': 'Neuf'}, {'seller_price': '268\n€99', 'seller_name': 'FutureD', 'shipping_rate_price': 'Gratuit', 'expedition_country': '', 'sales_realized': '4086', 'seller_rating': 'Évaluations(22                            avis)\n4,1/5', 'state': 'Neuf'}, {'seller_price': '292\n€00', 'seller_name': 'Neondigital', 'shipping_rate_price': '9,99€', 'expedition_country': 'LUXEMBOURG', 'sales_realized': '', 'seller_rating': '', 'state': 'Neuf'}, {'seller_price': '322\n€42', 'seller_name': 'Vpc Boost', 'shipping_rate_price': 'Gratuit', 'expedition_country': 'FRANCE', 'sales_realized': '3595', 'seller_rating': 'Évaluations(148                            avis)\n4,4/5', 'state': 'Neuf'}, {'seller_price': '329\n€00', 'seller_name': 'Cdiscount', 'shipping_rate_price': 'Livraison à domicile ou en point retrait', 'expedition_country': '', 'sales_realized': '31400', 'seller_rating': 'Évaluations(3955                            avis)\n4,3/5', 'state': 'Neuf'}, {'seller_price': '329\n€90', 'seller_name': 'HEYBIT Store', 'shipping_rate_price': 'Gratuit', 'expedition_country': 'PORTUGAL', 'sales_realized': '', 'seller_rating': '', 'state': 'Neuf'}, {'seller_price': '333\n€28', 'seller_name': 'MAX-G-MOBILE SL', 'shipping_rate_price': 'Gratuit', 'expedition_country': 'ESPAGNE', 'sales_realized': '312', 'seller_rating': 'Évaluations(720                            avis)\n4,4/5', 'state': 'Neuf'}, {'seller_price': '344\n€12', 'seller_name': 'AC-Electro', 'shipping_rate_price': 'Gratuit', 'expedition_country': 'BELGIQUE', 'sales_realized': '2529', 'seller_rating': 'Évaluations(350                            avis)\n3,3/5', 'state': 'Neuf'}, {'seller_price': '345\n€51', 'seller_name': 'ALPEXE France', 'shipping_rate_price': 'Gratuit', 'expedition_country': 'FRANCE', 'sales_realized': '453', 'seller_rating': 'Évaluations(4                            avis)\n4,5/5', 'state': 'Neuf'}, {'seller_price': '355\n€71', 'seller_name': 'Soderus', 'shipping_rate_price': 'Gratuit', 'expedition_country': 'LITUANIE', 'sales_realized': '31640', 'seller_rating': 'Évaluations(9837                            avis)\n4,1/5', 'state': 'Neuf'}], 'prouct_sheet_link': 'https://www.cdiscount.com/telephonie/telephone-mobile/samsung-galaxy-a34-5g-graphite-128-go/f-1440402-sam8806094813845.html?idOffre=2576596730#mpos=0|mp'}, 'product_18': {'ean': '8806094885668', 'title': 'SAMSUNG Galaxy A54 5G Blanc 128 Go', 'seller_price': '450\n€98', 'seller_name_fp': 'AC-Electro', 'captcha': '', 'seller_listing': '/mp-3616-sam8806094885668.html?Filter=New', 'product_image': ['https://www.cdiscount.com/pdt2/6/6/8/1/065x065/sam8806094885668/rw/samsung-galaxy-a54-5g-blanc-128-go.jpg', 'https://www.cdiscount.com/pdt2/6/6/8/2/065x065/sam8806094885668/rw/samsung-galaxy-a54-5g-blanc-128-go.jpg', 'https://www.cdiscount.com/pdt2/6/6/8/3/065x065/sam8806094885668/rw/samsung-galaxy-a54-5g-blanc-128-go.jpg', 'https://www.cdiscount.com/pdt2/6/6/8/4/065x065/sam8806094885668/rw/samsung-galaxy-a54-5g-blanc-128-go.jpg', 'https://www.cdiscount.com/pdt2/6/6/8/5/065x065/sam8806094885668/rw/samsung-galaxy-a54-5g-blanc-128-go.jpg', 'https://www.cdiscount.com/pdt2/6/6/8/6/065x065/sam8806094885668/rw/samsung-galaxy-a54-5g-blanc-128-go.jpg', 'https://www.cdiscount.com/pdt2/6/6/8/7/065x065/sam8806094885668/rw/samsung-galaxy-a54-5g-blanc-128-go.jpg', 'https://www.cdiscount.com/pdt2/6/6/8/8/065x065/sam8806094885668/rw/samsung-galaxy-a54-5g-blanc-128-go.jpg'], 'description': ['Ecran 6,4’’ Super AMOLED 120Hz - Triple capteur photo et selfie 32MP - Capteur principal 50MP avec stabilisation optique - Résistant à l’eau et à la poussière (IP67) - Jusqu’à 2 jours d’autonomie et charge rapide 25W', '', 'PUBLICITÉ', 'Tableau de caractéristiques du produit', 'Caractéristique', 'Description', 'Informations générales sur le produit', 'Marque', 'SAMSUNG', '', 'Nom du produit', 'SAMSUNG Galaxy A54 5G Blanc 128 Go', 'Catégorie', 'SMARTPHONE', 'Référence', 'SM-A546BZWCEUB', 'Informations sur le produit', 'Sous-état', 'Neuf', 'Couleur(s)', 'Blanc', 'Notes', 'SAMSUNG A54 5G Blanc 128 Go', 'Information DAS', 'Le DAS (débit d’absorption spécifique) des téléphones mobiles quantifie le niveau d’exposition', 'maximal de l’utilisateur aux ondes électromagnétiques, pour une utilisation à l’oreille.', 'La réglementation française impose que le DAS ne dépasse pas 2W/kg', 'Capacité (mémoire)', '128 Go', 'Indice de réparabilité', '8,4', 'Adaptateur secteur', 'Non', 'Général', 'Type de produit', 'Smartphone', 'Modèle de téléphone', 'A54 5G', 'Résistance', 'Résistance à l’eau - Certification IP67', 'Localisation', 'GPS, GLONASS, Beidou, Galileo, QZSS', 'Couleur du boitier', 'Blanc', 'Livré avec', ""1. Smartphone 2. Câble USB-C 3. Clé d'éjection de la carte SIM 4. Guide de démarrage rapide"", 'Profondeur', '0.82', 'Largeur', '7.4799999999999995', 'Hauteur', '15.819999999999999', 'Poids', '202g', 'Valeur DAS', 'DAS tête : 0,693W/kg DAS corps : 1,338W/kg DAS membres : 3,15W/kg', 'Coloris disponibles', 'Lavande, Lime, Blanc, Graphite', 'Format', 'Tactile', ""Système d'exploitation"", 'Android 13', 'Type de Produit', 'smartphone', 'Téléphone mobile', ""Système d'exploitation"", 'Android 13', 'Technologie', 'One UI 5.1', 'Génération à haut débit mobile', '5G', 'Type de carte SIM', 'Dual SIM', 'Technologie de paiement', 'Samsung pay', 'Assistant intelligent', 'Bixby, Google Assistant et Alexa', 'Processeur', 'Type', 'Exynos 1380', 'Qté de coeur de processeur', 'Octo-core', ""Fréquence d'horloge du processeur"", '2.4GHz, 2GHz', 'Processeur', 'Exynos 1380', 'Affichage', ""Taille d'écran"", '6.4“', 'Technologie', 'Super AMOLED', 'Résolution écran', 'Full HD+ ; 2340 x 1080p ; 401ppp', 'Caractéristiques', 'Gorilla Glass 5', 'Type', 'Ecran Infinity-O', 'Taille de la diagonale', '6.4“', ""Résolution d'écran"", 'Full HD+ ; 2340 x 1080p ; 401ppp', 'Fréquence de rafraichissement', '120 Hz', 'Ecran tactile', 'Oui', 'Résolution', 'Full HD+ ; 2340 x 1080p ; 401ppp', 'Appareil photo numérique', 'Résolution du Capteur', '50 MP', 'Caractéristiques', 'Optimiseur de scènes - Aide au cadrage - Lancement rapide', ""Ouverture de l'objectif"", 'f/1.8', 'Résolution du capteur', '50 MP', ""Résolutions de l'enregistreur vidéo"", 'Enregistrement jusqu’en 4K UHD 30fps - Enregistrement en Slowmotion HD 240fps - Enregistrement en Super Slowmotion en HD 480fps - Lecture jusqu’en 4K UHD 30fps', 'Source de lumière de la caméra', 'Flash LED', 'Résolution de la caméra arrière', '50 MP', 'Résolution de la caméra avant', '32MP', 'Système de navigation', 'Logiciels et services de navigation', 'GPS, GLONASS, Beidou, Galileo, QZSS', 'Navigation', 'Google Maps', 'Communications', 'Profils Bluetooth', 'Bluetooth 5.3', 'Bande 2G', 'DCS1800, GSM850, GSM900, PCS1900', 'Fréquence LTE 4G', 'B1, B2, B3, B4, B5, B7, B8, B12, B17, B20, B26, B28, B32, B38(2600), B40(2300), B41(2500), B66', 'Fréquence UMTS 3G', 'B1(2100), B2(1900), B5(850), B8(900)', 'Fréquence 5G NR', 'n1(2100), n3(1800), n7(2600), n8(900), n20(800), n28(700), n38(2600), n40(2300), n41(2500), n77(3700), n78(3500)', 'Caractéristiques du téléphone', 'Fonctions du téléphone', 'Appels, SMS, MMS, photos, vidéos, musique, connextion internet, agenda, applications bureautique, applications multimédia', 'Capteurs', 'Capteur d’empreinte digitale sous l’écran - Reconnaissance faciale - Accéléromètre, gyroscope - Capteur de luminosité, proximité, magnétique - capteur géomagnétique', 'Fonctions supplémentaires', 'Apps Samsung (Galaxy store, Bixby, Samsung Members, Samsung TV, SmartThings, Smart Switch, Samsung Wallet, Samsung Notes, Game Launcher...) - Apps Google (Chrome, Gmail, Maps, Play Films & TV, Play Store, Photos, Youtube, Drive, Duo…) - Autres apps (Onedrive, Facebook, Linkedin, Outlook, Spotify...)', 'Dispositifs de sécurité', 'Capteur d’empreinte digitale sur la tranche - Reconnaissance faciale', 'Technologie de sécurité', 'Android - Secured by Knox', 'Lecteur multimédia', 'Améliorations sonores', 'Dolby Atmos', 'Mémoire', 'RAM', '8 Go', 'Mémoire intégrée', '128 Go', 'Capacité de la mémoire interne', '128 Go', 'Stockage', 'Port microSD jusqu’à 1To', 'Connexions', 'Type de connecteur', 'USB Type-C ; USB 2.0', 'Batterie', 'Capacité', '5000 mAh', 'Caméra avant', 'Résolution du capteur', '32MP', 'Fonctionnalités', 'Selfie paume', ""Ouverture de l'objectif"", 'Ouverture f/2.2', 'Source de lumière', 'Flash avant', 'Caméra arrière', 'Caractéristiques', 'Optimiseur de scènes - Aide au cadrage - Lancement rapide', 'Résolution du capteur', '50MP', 'Source de lumière de la caméra', 'Flash LED', ""Ouverture de l'objectif"", 'f/1.8', 'Source de lumière', 'Flash LED', 'Mode HDR', 'Oui', 'Deuxième caméra arrière', ""Ouverture de l'objectif"", 'f/2.2', 'Résolution de capteur', '12MP', 'Caractéristiques', 'Angle d’ouverture à 123°', 'Nom de capteur', 'Ultra Grand Angle', 'Résolution du capteur', '12MP', 'Deuxième caméra avant', 'Résolution du capteur', '12MP', 'Ouverture de lentille', 'f/2.2', 'Champ de vue (FOV)', 'Angle d’ouverture à 123°', 'Vos garanties incluses', 'Garantie (²)', '2 ans', 'Observations', 'Dans le cas où une garantie commerciale est proposée par le vendeur, celle-ci ne fait pas obstacle à', 'l’application de la garantie légale de conformité et/ou à la garantie des vices cachés. Voir', 'conditions de cette garantie commerciale dans les CGV du vendeur et/ou dans les CGU Marketplace', 'Troisième caméra arrière', 'Ouverture de lentille', 'f/2.4', 'Résolution de capteur', '5MP', 'Résolution du capteur', '5MP', 'Nom de capteur', 'Macro', ''], 'page_seller': '/mpvv-147145-AC-Electro.html', 'offer_count': '35 neufs', 'out_of_stock': '', 'sold': '', 'offers': [{'seller_price': '354\n€97', 'seller_name': 'FutureD', 'shipping_rate_price': 'Gratuit', 'expedition_country': 'ESTONIE', 'sales_realized': '4136', 'seller_rating': 'Évaluations(24                            avis)\n4/5', 'state': 'Neuf'}, {'seller_price': '369\n€00', 'seller_name': 'Neondigital', 'shipping_rate_price': '9,99€', 'expedition_country': 'LUXEMBOURG', 'sales_realized': '3604', 'seller_rating': 'Évaluations(150                            avis)\n4,4/5', 'state': 'Neuf'}, {'seller_price': '409\n€45', 'seller_name': 'ZOOMICI', 'shipping_rate_price': 'Gratuit', 'expedition_country': 'FRANCE', 'sales_realized': '163146', 'seller_rating': 'Évaluations(21452                            avis)\n4/5', 'state': 'Neuf'}, {'seller_price': '411\n€99', 'seller_name': 'ALMETECH  France', 'shipping_rate_price': 'Gratuit', 'expedition_country': 'FRANCE', 'sales_realized': '1755', 'seller_rating': 'Évaluations(24                            avis)\n4,2/5', 'state': 'Neuf'}, {'seller_price': '420\n€37', 'seller_name': 'ALPEXE France', 'shipping_rate_price': 'Gratuit', 'expedition_country': 'FRANCE', 'sales_realized': '31598', 'seller_rating': 'Évaluations(9837                            avis)\n4,1/5', 'state': 'Neuf'}, {'seller_price': '432\n€23', 'seller_name': 'TOPBIZ', 'shipping_rate_price': 'Gratuit', 'expedition_country': 'FRANCE', 'sales_realized': '20595', 'seller_rating': 'Évaluations(4549                            avis)\n4,5/5', 'state': 'Neuf'}, {'seller_price': '422\n€34', 'seller_name': 'Pro Componentes', 'shipping_rate_price': '9,90€', 'expedition_country': 'ESPAGNE', 'sales_realized': '5938', 'seller_rating': 'Évaluations(174                            avis)\n4,3/5', 'state': 'Neuf'}, {'seller_price': '434\n€90', 'seller_name': 'HEYBIT Store', 'shipping_rate_price': 'Gratuit', 'expedition_country': 'PORTUGAL', 'sales_realized': '309', 'seller_rating': 'Évaluations(720                            avis)\n4,4/5', 'state': 'Neuf'}, {'seller_price': '418\n€84', 'seller_name': 'Tienda Siglo XXI', 'shipping_rate_price': '16,95€', 'expedition_country': 'ESPAGNE', 'sales_realized': '586', 'seller_rating': 'Évaluations(161                            avis)\n4,1/5', 'state': 'Neuf'}, {'seller_price': '427\n€94', 'seller_name': 'Fexy-shop', 'shipping_rate_price': '8,70€', 'expedition_country': 'ALLEMAGNE', 'sales_realized': '2570', 'seller_rating': 'Évaluations(72                            avis)\n3,8/5', 'state': 'Neuf'}], 'prouct_sheet_link': 'https://www.cdiscount.com/telephonie/telephone-mobile/samsung-galaxy-a54-5g-blanc-128-go/f-1440402-sam8806094885668.html?idOffre=2561142140#mpos=0|mp'}, 'product_19': {'ean': '3121040081563', 'title': 'ROWENTA VU5840F0 Turbo Silence Extrême+ Ventilateur pied, Puissant, Silencieux, 4 différentes modes, Oscillation automatique', 'seller_price': '125\n€26', 'seller_name_fp': 'AC-Electro', 'captcha': '', 'seller_listing': '/mp-156560-row3121040081563.html', 'product_image': ['https://www.cdiscount.com/pdt2/5/6/3/1/065x065/row3121040081563/rw/rowenta-vu5840f0-turbo-silence-extreme-ventilateu.jpg', 'https://www.cdiscount.com/pdt2/5/6/3/2/065x065/row3121040081563/rw/rowenta-vu5840f0-turbo-silence-extreme-ventilateu.jpg', 'https://www.cdiscount.com/pdt2/5/6/3/3/065x065/row3121040081563/rw/rowenta-vu5840f0-turbo-silence-extreme-ventilateu.jpg', 'https://www.cdiscount.com/pdt2/5/6/3/4/065x065/row3121040081563/rw/rowenta-vu5840f0-turbo-silence-extreme-ventilateu.jpg'], 'description': ['ROWENTA VU5840F0 Turbo Silence Extrême+ Ventilateur pied, Puissant, Silencieux, 4 différentes modes, Oscillation automatique', ''], 'page_seller': '/mpvv-147145-AC-Electro.html', 'offer_count': '21 neufs et 2 occasions', 'out_of_stock': '', 'sold': '', 'offers': [{'seller_price': '98\n€99', 'seller_name': 'BOUTIQUE OFFICIELLE SEB', 'shipping_rate_price': 'Gratuit', 'expedition_country': '', 'sales_realized': '21187', 'seller_rating': 'Évaluations(257                            avis)\n4,8/5', 'state': 'Neuf'}, {'seller_price': '100\n€21', 'seller_name': 'shiyong', 'shipping_rate_price': 'Gratuit', 'expedition_country': 'CHINE', 'sales_realized': '', 'seller_rating': '', 'state': 'Neuf'}, {'seller_price': '106\n€00', 'seller_name': 'Stacca', 'shipping_rate_price': 'Gratuit', 'expedition_country': 'MONACO', 'sales_realized': '0', 'seller_rating': 'Évaluation(0                            avis)\nAucun avis', 'state': 'Neuf'}, {'seller_price': '108\n€65', 'seller_name': 'ASdiscount', 'shipping_rate_price': 'Gratuit', 'expedition_country': 'FRANCE', 'sales_realized': '24763', 'seller_rating': 'Évaluations(320                            avis)\n4,4/5', 'state': 'Neuf'}, {'seller_price': '109\n€00', 'seller_name': 'UBALDI', 'shipping_rate_price': 'Gratuit', 'expedition_country': 'FRANCE', 'sales_realized': '114574', 'seller_rating': 'Évaluations(39024                            avis)\n4,1/5', 'state': 'Neuf'}, {'seller_price': '109\n€82', 'seller_name': '2KINGS', 'shipping_rate_price': 'Gratuit', 'expedition_country': 'FRANCE', 'sales_realized': '16398', 'seller_rating': 'Évaluations(1993                            avis)\n4,5/5', 'state': 'Neuf'}, {'seller_price': '110\n€04', 'seller_name': 'stortle', 'shipping_rate_price': 'Gratuit', 'expedition_country': 'FRANCE', 'sales_realized': '19154', 'seller_rating': 'Évaluations(2532                            avis)\n4,5/5', 'state': 'Neuf'}, {'seller_price': '113\n€00', 'seller_name': 'ZOOMICI', 'shipping_rate_price': 'Gratuit', 'expedition_country': 'FRANCE', 'sales_realized': '7611', 'seller_rating': 'Évaluations(3922                            avis)\n4/5', 'state': 'Neuf'}, {'seller_price': '121\n€28', 'seller_name': 'MILE SHOP', 'shipping_rate_price': 'Gratuit', 'expedition_country': 'CHINE', 'sales_realized': '163146', 'seller_rating': 'Évaluations(21452                            avis)\n4/5', 'state': 'Neuf'}, {'seller_price': '123\n€19', 'seller_name': 'Super 10count', 'shipping_rate_price': 'Gratuit', 'expedition_country': 'FRANCE', 'sales_realized': '26', 'seller_rating': 'Évaluation(0                            avis)\nAucun avis', 'state': 'Neuf'}], 'prouct_sheet_link': 'https://www.cdiscount.com/electromenager/chauffage-climatisation/rowenta-vu5840f0-turbo-silence-extreme-ventilateu/f-1107904-row3121040081563.html?idOffre=1730339154#mpos=0|mp'}, 'product_20': {'ean': '8806094843439', 'title': 'SAMSUNG Galaxy A14 4G Noir 128 Go', 'seller_price': '231\n€50', 'seller_name_fp': 'AC-Electro', 'captcha': '', 'seller_listing': '/mp-3616-sam8806094843439.html?Filter=New', 'product_image': ['https://www.cdiscount.com/pdt2/4/3/9/1/065x065/sam8806094843439/rw/samsung-galaxy-a14-4g-noir-128-go.jpg', 'https://www.cdiscount.com/pdt2/4/3/9/2/065x065/sam8806094843439/rw/samsung-galaxy-a14-4g-noir-128-go.jpg', 'https://www.cdiscount.com/pdt2/4/3/9/3/065x065/sam8806094843439/rw/samsung-galaxy-a14-4g-noir-128-go.jpg', 'https://www.cdiscount.com/pdt2/4/3/9/4/065x065/sam8806094843439/rw/samsung-galaxy-a14-4g-noir-128-go.jpg', 'https://www.cdiscount.com/pdt2/4/3/9/5/065x065/sam8806094843439/rw/samsung-galaxy-a14-4g-noir-128-go.jpg', 'https://www.cdiscount.com/pdt2/4/3/9/6/065x065/sam8806094843439/rw/samsung-galaxy-a14-4g-noir-128-go.jpg', 'https://www.cdiscount.com/pdt2/4/3/9/7/065x065/sam8806094843439/rw/samsung-galaxy-a14-4g-noir-128-go.jpg', 'https://www.cdiscount.com/pdt2/4/3/9/8/065x065/sam8806094843439/rw/samsung-galaxy-a14-4g-noir-128-go.jpg', 'https://www.cdiscount.com/pdt2/4/3/9/9/065x065/sam8806094843439/rw/samsung-galaxy-a14-4g-noir-128-go.jpg'], 'description': ['Écran 6,6’’ FHD+ - Triple capteur photo et selfie 13 MP - Capteur principal 50MP - Stockage extensible - Jusqu’à 2 jours d’autonomie', '', 'PUBLICITÉ', 'Tableau de caractéristiques du produit', 'Caractéristique', 'Description', 'Informations générales sur le produit', 'Marque', 'SAMSUNG', '', 'Nom du produit', 'SAMSUNG Galaxy A14 4G Noir 128 Go', 'Catégorie', 'SMARTPHONE', 'Référence', 'SM-A145RZKVEUB', 'Informations sur le produit', 'Sous-état', 'Neuf', 'Couleur(s)', 'Noir', 'Notes', 'SAMSUNG A14 4G Noir 128 Go', 'Objet connecté', 'Oui', 'Information DAS', 'Le DAS (débit d’absorption spécifique) des téléphones mobiles quantifie le niveau d’exposition', 'maximal de l’utilisateur aux ondes électromagnétiques, pour une utilisation à l’oreille.', 'La réglementation française impose que le DAS ne dépasse pas 2W/kg', 'Capacité (mémoire)', '128 Go', 'Indice de réparabilité', '8,8', 'Adaptateur secteur', 'Non', 'Général', 'Type de produit', 'Smartphone', 'Modèle de téléphone', 'A14 4G', 'Localisation', 'GPS, GLONASS, Beidou, Galileo, QZSS', 'Couleur du boitier', 'Noir', 'Livré avec', ""1. Smartphone 2. Câble USB-C 3. Clé d'éjection de la carte SIM 4. Guide de démarrage rapide"", 'Profondeur', '0.90999999999999992', 'Largeur', '7.8', 'Hauteur', '16.77', 'Poids', '201g', 'Valeur DAS', 'DAS tête : 0,90W/kg DAS corps : 1,05W/kg DAS membres : 1,84W/kg', 'Coloris disponibles', 'Lime, Noir, Argenté', 'Format', 'Tactile', ""Système d'exploitation"", 'Android 13', 'Type de Produit', 'smartphone', 'Téléphone mobile', ""Système d'exploitation"", 'Android 13', 'Technologie', 'One UI 5.1', 'Génération à haut débit mobile', '4G', 'Type de carte SIM', 'Dual SIM', 'Assistant intelligent', 'Bixby, Google Assistant et Alexa', 'Processeur', 'Type', 'MediaTek Helio G80 (MT6769)', 'Qté de coeur de processeur', 'Octo-core', ""Fréquence d'horloge du processeur"", '2.2GHz, 1,8GHz', 'Processeur', 'MediaTek Helio G80 (MT6769)', 'Affichage', ""Taille d'écran"", '6.6“', 'Technologie', 'TFT', 'Résolution écran', 'Full HD+ ; 2408 x 1080p ; 401ppp', 'Type', 'Ecran Infinity-V', 'Taille de la diagonale', '6.6“', ""Résolution d'écran"", 'Full HD+ ; 2408 x 1080p ; 401ppp', 'Fréquence de rafraichissement', '60 Hz', 'Ecran tactile', 'Oui', 'Résolution', 'Full HD+ ; 2408 x 1080p ; 401ppp', 'Appareil photo numérique', 'Résolution du Capteur', '50 MP', 'Caractéristiques', 'Optimiseur de scènes - Cadrage auto - Lancement rapide', ""Ouverture de l'objectif"", 'f/1.8', 'Résolution du capteur', '50 MP', ""Résolutions de l'enregistreur vidéo"", 'Enregistrement jusqu’en FHD 30fps - Lecture jusqu’en FHD 60fps', 'Source de lumière de la caméra', 'Flash LED', 'Résolution de la caméra arrière', '50 MP', 'Résolution de la caméra avant', '13MP', 'Système de navigation', 'Logiciels et services de navigation', 'GPS, GLONASS, Beidou, Galileo, QZSS', 'Navigation', 'Google Maps', 'Communications', 'Profils Bluetooth', 'Bluetooth 5.3', 'Bande 2G', 'DCS1800, GSM850, GSM900, PCS1900', 'Fréquence LTE 4G', 'B1, B3, B5, B7, B8, B20, B28, B38, B40, B41', 'Fréquence UMTS 3G', 'B1(2100), B5(850), B8(900)', 'Caractéristiques du téléphone', 'Fonctions du téléphone', 'Appels, SMS, MMS, photos, vidéos, musique, connextion internet, agenda, applications bureautique, applications multimédia', 'Capteurs', 'Capteur d’empreinte digitale sur la tranche - Accéléromètre, Capteur de luminosité, proximité capteur géomagnétique', 'Fonctions supplémentaires', 'Apps Samsung (Galaxy store, Bixby, Samsung Members, Samsung TV, SmartThings, Smart Switch, Samsung Wallet, Samsung Notes, Game Launcher...) - Apps Google (Chrome, Gmail, Maps, Play Films & TV, Play Store, Photos, Youtube, Drive, Duo…) - Autres apps (Onedrive, Facebook, Linkedin, Outlook, Spotify...)', 'Dispositifs de sécurité', 'Capteur d’empreinte digitale sur la tranche', 'Technologie de sécurité', 'Android - Secured by Knox', 'Lecteur multimédia', 'Améliorations sonores', 'Dolby Atmos', 'Mémoire', 'RAM', '4 Go', 'Mémoire intégrée', '128 Go', 'Capacité de la mémoire interne', '128 Go', 'Stockage', 'Port microSD jusqu’à 1To', 'Connexions', 'Type de connecteur', 'Prise jack 3,5mm, USB Type-C ; USB 2.0', 'Batterie', 'Capacité', '5000 mAh', 'Caméra avant', 'Résolution du capteur', '13MP', 'Fonctionnalités', 'Selfie paume', ""Ouverture de l'objectif"", 'Ouverture f/2.2', 'Source de lumière', 'Flash avant', 'Caméra arrière', 'Caractéristiques', 'Optimiseur de scènes - Cadrage auto - Lancement rapide', 'Résolution du capteur', '50MP', 'Source de lumière de la caméra', 'Flash LED', ""Ouverture de l'objectif"", 'f/1.8', 'Source de lumière', 'Flash LED', 'Mode HDR', 'Oui', 'Deuxième caméra arrière', ""Ouverture de l'objectif"", 'f/2.2', 'Résolution de capteur', '5MP', 'Nom de capteur', 'Portrait', 'Résolution du capteur', '5MP', 'Vos garanties incluses', 'Garantie (²)', '2 ans', 'Observations', 'Dans le cas où une garantie commerciale est proposée par le vendeur, celle-ci ne fait pas obstacle à', 'l’application de la garantie légale de conformité et/ou à la garantie des vices cachés. Voir', 'conditions de cette garantie commerciale dans les CGV du vendeur et/ou dans les CGU Marketplace', 'Troisième caméra arrière', 'Ouverture de lentille', 'f/2.4', 'Résolution de capteur', '2MP', 'Résolution du capteur', '2MP', 'Nom de capteur', 'Macro', ''], 'page_seller': '/mpvv-147145-AC-Electro.html', 'offer_count': '19 neufs', 'out_of_stock': '', 'sold': '', 'offers': [{'seller_price': '173\n€99', 'seller_name': 'Yeppon', 'shipping_rate_price': 'Gratuit', 'expedition_country': 'ITALIE', 'sales_realized': '14221', 'seller_rating': 'Évaluations(783                            avis)\n4,2/5', 'state': 'Neuf'}, {'seller_price': '176\n€38', 'seller_name': 'Fexy-shop', 'shipping_rate_price': '8,70€', 'expedition_country': 'ALLEMAGNE', 'sales_realized': '2569', 'seller_rating': 'Évaluations(72                            avis)\n3,8/5', 'state': 'Neuf'}, {'seller_price': '176\n€53', 'seller_name': 'DistribNet', 'shipping_rate_price': '8,77€', 'expedition_country': 'FRANCE', 'sales_realized': '8708', 'seller_rating': 'Évaluations(1201                            avis)\n4,2/5', 'state': 'Neuf'}, {'seller_price': '176\n€99', 'seller_name': 'yes-Promo', 'shipping_rate_price': '8,77€', 'expedition_country': 'ESTONIE', 'sales_realized': '508', 'seller_rating': 'Évaluation(1                            avis)\n1/5', 'state': 'Neuf'}, {'seller_price': '187\n€90', 'seller_name': 'Trending Utopic', 'shipping_rate_price': 'Gratuit', 'expedition_country': 'ESPAGNE', 'sales_realized': '4273', 'seller_rating': 'Évaluations(88                            avis)\n3,8/5', 'state': 'Neuf'}, {'seller_price': '187\n€98', 'seller_name': 'LMD Distribution', 'shipping_rate_price': 'Gratuit', 'expedition_country': 'FRANCE', 'sales_realized': '5233', 'seller_rating': 'Évaluations(66                            avis)\n3,7/5', 'state': 'Neuf'}, {'seller_price': '179\n€99', 'seller_name': 'BLAN SRL', 'shipping_rate_price': '8,92€', 'expedition_country': 'ITALIE', 'sales_realized': '43', 'seller_rating': 'Évaluation(0                            avis)\nAucun avis', 'state': 'Neuf'}, {'seller_price': '182\n€48', 'seller_name': 'ORAPECO', 'shipping_rate_price': '8,77€', 'expedition_country': 'ESPAGNE', 'sales_realized': '2623', 'seller_rating': 'Évaluations(37                            avis)\n4,2/5', 'state': 'Neuf'}, {'seller_price': '192\n€15', 'seller_name': 'Treat Srores', 'shipping_rate_price': 'Gratuit', 'expedition_country': 'ESPAGNE', 'sales_realized': '138', 'seller_rating': 'Évaluations(2                            avis)\n5/5', 'state': 'Neuf'}, {'seller_price': '176\n€44', 'seller_name': 'Tienda Siglo XXI', 'shipping_rate_price': '16,95€', 'expedition_country': 'ESPAGNE', 'sales_realized': '585', 'seller_rating': 'Évaluations(161                            avis)\n4,1/5', 'state': 'Neuf'}], 'prouct_sheet_link': 'https://www.cdiscount.com/telephonie/telephone-mobile/samsung-galaxy-a14-4g-noir-128-go/f-1440402-sam8806094843439.html?idOffre=2709744118#mpos=0|mp'}, 'product_21': {'ean': '8806094507270', 'title': 'SAMSUNG Galaxy Z Flip4 256Go 5G Graphite', 'seller_price': '1064\n€46', 'seller_name_fp': 'AC-Electro', 'captcha': '', 'seller_listing': '/mp-3616-sam8806094507270.html?Filter=New', 'product_image': ['https://www.cdiscount.com/pdt2/2/7/0/1/065x065/sam8806094507270/rw/samsung-galaxy-z-flip4-256go-5g-graphite.jpg', 'https://www.cdiscount.com/pdt2/2/7/0/2/065x065/sam8806094507270/rw/samsung-galaxy-z-flip4-256go-5g-graphite.jpg', 'https://www.cdiscount.com/pdt2/2/7/0/3/065x065/sam8806094507270/rw/samsung-galaxy-z-flip4-256go-5g-graphite.jpg', 'https://www.cdiscount.com/pdt2/2/7/0/4/065x065/sam8806094507270/rw/samsung-galaxy-z-flip4-256go-5g-graphite.jpg', 'https://www.cdiscount.com/pdt2/2/7/0/5/065x065/sam8806094507270/rw/samsung-galaxy-z-flip4-256go-5g-graphite.jpg', 'https://www.cdiscount.com/pdt2/2/7/0/6/065x065/sam8806094507270/rw/samsung-galaxy-z-flip4-256go-5g-graphite.jpg', 'https://www.cdiscount.com/pdt2/2/7/0/7/065x065/sam8806094507270/rw/samsung-galaxy-z-flip4-256go-5g-graphite.jpg', 'https://www.cdiscount.com/pdt2/2/7/0/8/065x065/sam8806094507270/rw/samsung-galaxy-z-flip4-256go-5g-graphite.jpg', 'https://www.cdiscount.com/pdt2/2/7/0/9/065x065/sam8806094507270/rw/samsung-galaxy-z-flip4-256go-5g-graphite.jpg'], 'description': ['Découvrez le Galaxy Z Flip4, notre Galaxy Z Flip le plus avancé à ce jour. Avec son design iconique, il embarque un écran pliable de 6.7 pouces. Une fois replié, c’est un véritable bijou de technologie qui se glisse facilement dans votre sac ou dans votre poche. Côté photo et vidéo, son double capteur de 12MP sublime vos clichés et vos enregistrements en basse lumière, tandis que la FlexCam permet la prise de selfies', '', 'PUBLICITÉ', 'Tableau de caractéristiques du produit', 'Caractéristique', 'Description', 'Informations générales sur le produit', 'Marque', 'SAMSUNG', '', 'Nom du produit', 'SAMSUNG Galaxy Z Flip4 256Go 5G Graphite', 'Catégorie', 'SMARTPHONE', 'Référence', 'SM-F721BZAHEUB', 'Informations sur le produit', 'Sous-état', 'Neuf', 'Couleur(s)', 'Graphite', 'Information DAS', 'Le DAS (débit d’absorption spécifique) des téléphones mobiles quantifie le niveau d’exposition', 'maximal de l’utilisateur aux ondes électromagnétiques, pour une utilisation à l’oreille.', 'La réglementation française impose que le DAS ne dépasse pas 2W/kg', 'Capacité (mémoire)', '256 Go', 'Indice de réparabilité', '7,6', 'Général', 'Type de produit', 'Smartphone', 'Couleur du boitier', 'Graphite', 'Profondeur', '16 - 17.1 mm', 'Largeur', '71.9 mm', 'Hauteur', '84.8 mm', 'Poids', '187 g', 'Valeur DAS', '1,151 W/kg (tête), 1,198 W/kg (corps), 2,75 W/kg (membres)', 'Protection', ""Résistant à l'eau"", 'Format', 'Clapet (escamotable) - écran tactile, double écran', 'Numéro de modèle du fabricant', 'SM-F721B', 'Détails des dimensions', 'Déplié : 165.2 x 71.9 x 6.9 mm', 'Plié : 84.8 x 71.9 x 16 - 17.1 mm', 'Téléphone mobile', ""Système d'exploitation"", 'Android 12', 'Génération à haut débit mobile', '5G', 'Fournisseur de services', 'Non spécifié', 'Type de carte SIM', 'Nano SIM, Carte SIM électronique (e-SIM)', 'Navigation', 'GPS, GLONASS, BeiDou, Galileo', 'Qté de carte SIM', 'Double SIM', 'Processeur', 'Type', 'Qualcomm Snapdragon 8+ Gen 1', 'Qté de coeur de processeur', '8 cœurs', ""Fréquence d'horloge"", '3.2 GHz', 'Affichage', 'Technologie', 'Infinity Flex Dynamic AMOLED 2x', 'Caractéristiques', 'AOD (Always On Display)', 'Type', 'Ecran OEL', 'Densité des pixels', '425ppp', 'Protection', 'Verre ultra mince de Samsung', 'Taille de la diagonale', '6.7""', ""Résolution d'écran"", '2640 x 1080 pixels', ""Format d'affichage"", 'Full HD+', 'HDR', 'Oui', 'Conception', ""Pliage vers l'intérieur"", 'Pliable', 'Oui', 'Fréquence de rafraichissement', '120 Hz', 'Technologie HDR', 'HDR10+', 'Affichage (2ème)', 'Type', 'Ecran OEL - couleur', ""Résolution d'écran"", '260 x 512 pixels', 'Taille de la diagonale', '1.9”', 'Appareil photo numérique', ""Résolutions de l'enregistreur vidéo"", 'Enregistrement en 8K 24fps (principal).', 'Enregistrement en 4K 60fps (principal et selfie).', 'Enregistrement en FHD 120fps (principal).', 'Communications', 'Interface sans fil', 'NFC, Bluetooth 5.2, IEEE 802.11 a/b/g/n/ac/ax', 'Bande 2G', 'DCS1800, GSM850, GSM900, PCS1900', 'Bande 4G LTE', 'Bande 1, Bande 2, Bande 3, Bande 4, Bande 5, Bande 7, Bande 8, Bande 12, Bande 13, Bande 17, Bande 18, Bande 19, Bande 20, Bande 25, Bande 26, Bande 28, Bande 66', 'Bande 3G UMTS', 'Bande 1, Bande 2, Bande 5, Bande 8', 'Fréquence UMTS 3G', '2100, 1900, 850, 900', 'Bande 5G NR', 'N1, n2, n3, n5, n7, n8, n12, n20, n25, n28, n38, n40, n41, n66, n75, n77, n78', 'Caractéristiques du téléphone', 'Prise en charge double carte SIM', '1 Nano-SIM + 1 eSIM', 'Fonctions du téléphone', 'Accéléromètre, Capteur de proximité, baromètre, capteur gyroscopique, capteur géomagnétique, capteur de lumière', 'Dispositifs de sécurité', ""Reconnaissance faciale, lecteur d'empreintes (côté)"", 'Mémoire', 'RAM', '8 Go', 'Capacité de la mémoire interne', '256 Go', 'Connexions', 'Type de connecteur', 'USB Type-C', 'Batterie', 'Capacité', '3700 mAh', 'Chargement sans fil', 'Oui', 'Divers', 'Normes de conformité', 'IPX8', 'Caméra avant', 'Résolution du capteur', '10 mégapixels', ""Ouverture de l'objectif"", 'f/2.4', 'Mode HDR', 'Oui', 'Vos garanties incluses', 'Garantie (²)', '2 ans', 'Observations', 'Dans le cas où une garantie commerciale est proposée par le vendeur, celle-ci ne fait pas obstacle à', 'l’application de la garantie légale de conformité et/ou à la garantie des vices cachés. Voir', 'conditions de cette garantie commerciale dans les CGV du vendeur et/ou dans les CGU Marketplace', 'Ecran (non déplié)', ""Résolution de l'écran"", '2640 x 1080 pixels', 'Taille de la diagonale', '6.7""', 'Caméra principale', 'Caractéristiques', 'Optimiseur de scènes, cadrage automatique, enregistrement HDR10+', 'Effets spéciaux', 'HDR', 'Résolution du capteur', '12 mégapixels', 'Source de lumière', 'Flash LED', 'Modes de caméra', 'Prise unique, Photo, Vidéo, Nuit, Pro, AR Doodle, Panorama, Nourriture, Portrait, Vidéo Portrait, Vidéo Pro, Super Ralenti, Ralenti, Hyperlapse, Vue du Réalisateur, IA restauration', ""Ouverture d'objectif"", 'f/1.8', 'Champ de vue (FOV)', '83 degrés', ""Stabilisateur d'image optique"", ""OIS (stabilisateur d'image optique)"", 'Deuxième caméra', 'Résolution du capteur', '12 mégapixels', ""Ouverture de l'objectif"", 'f/2.2', ""Type d'objectif"", 'Lentille ultra grand angle', 'Champ de vue (FOV)', '123 degrés', 'Caractéristiques', 'Technologie Dual Pixel', ''], 'page_seller': '/mpvv-147145-AC-Electro.html', 'offer_count': '25 neufs', 'out_of_stock': '', 'sold': '', 'offers': [{'seller_price': '643\n€79', 'seller_name': 'Tele strore', 'shipping_rate_price': 'Gratuit', 'expedition_country': '', 'sales_realized': '13572', 'seller_rating': 'Évaluations(35                            avis)\n4,2/5', 'state': 'Neuf'}, {'seller_price': '644\n€15', 'seller_name': 'FutureD', 'shipping_rate_price': 'Gratuit', 'expedition_country': 'ESTONIE', 'sales_realized': '', 'seller_rating': '', 'state': 'Neuf'}, {'seller_price': '645\n€30', 'seller_name': 'HETTNER L', 'shipping_rate_price': 'Gratuit', 'expedition_country': 'FRANCE', 'sales_realized': '3870', 'seller_rating': 'Évaluations(22                            avis)\n4,1/5', 'state': 'Neuf'}, {'seller_price': '701\n€99', 'seller_name': 'Yeppon', 'shipping_rate_price': 'Gratuit', 'expedition_country': 'ITALIE', 'sales_realized': '2769', 'seller_rating': 'Évaluations(14                            avis)\n4,5/5', 'state': 'Neuf'}, {'seller_price': '728\n€99', 'seller_name': 'BLAN SRL', 'shipping_rate_price': '8,92€', 'expedition_country': 'ITALIE', 'sales_realized': '14226', 'seller_rating': 'Évaluations(783                            avis)\n4,2/5', 'state': 'Neuf'}, {'seller_price': '759\n€00', 'seller_name': 'Cdiscount', 'shipping_rate_price': 'Livraison à domicile ou en point retrait', 'expedition_country': '', 'sales_realized': '27', 'seller_rating': 'Évaluation(0                            avis)\nAucun avis', 'state': 'Neuf'}, {'seller_price': '789\n€99', 'seller_name': 'TRADER SOLUTIONS', 'shipping_rate_price': '10,00€', 'expedition_country': 'CHYPRE', 'sales_realized': '', 'seller_rating': '', 'state': 'Neuf'}, {'seller_price': '811\n€39', 'seller_name': 'ALPEXE France', 'shipping_rate_price': 'Gratuit', 'expedition_country': 'FRANCE', 'sales_realized': '1492', 'seller_rating': 'Évaluations(95                            avis)\n4,3/5', 'state': 'Neuf'}, {'seller_price': '883\n€67', 'seller_name': 'Super 10count', 'shipping_rate_price': 'Gratuit', 'expedition_country': 'FRANCE', 'sales_realized': '31791', 'seller_rating': 'Évaluations(9837                            avis)\n4,1/5', 'state': 'Neuf'}, {'seller_price': '970\n€00', 'seller_name': 'Doctor Brandt', 'shipping_rate_price': 'Gratuit', 'expedition_country': 'ITALIE', 'sales_realized': '5591', 'seller_rating': 'Évaluations(327                            avis)\n3,8/5', 'state': 'Neuf'}], 'prouct_sheet_link': 'https://www.cdiscount.com/telephonie/telephone-mobile/samsung-galaxy-z-flip4-256go-5g-graphite/f-1440402-sam8806094507270.html?idOffre=2700771695#mpos=0|mp'}, 'product_22': {'ean': '3121040081570', 'title': 'ROWENTA VU5870F0 Turbo Silence Extrême+ Ventilateur sur pied, Silencieux, Puissant, 5 vitesses, Télécommande, Arrêt automatique', 'seller_price': '160\n€00', 'seller_name_fp': 'AC-Electro', 'captcha': '', 'seller_listing': '/mp-353067-row3121040081570.html?Filter=New', 'product_image': ['https://www.cdiscount.com/pdt2/5/7/0/1/065x065/row3121040081570/rw/rowenta-vu5870f0-turbo-silence-extreme-ventilateu.jpg', 'https://www.cdiscount.com/pdt2/5/7/0/2/065x065/row3121040081570/rw/rowenta-vu5870f0-turbo-silence-extreme-ventilateu.jpg', 'https://www.cdiscount.com/pdt2/5/7/0/3/065x065/row3121040081570/rw/rowenta-vu5870f0-turbo-silence-extreme-ventilateu.jpg', 'https://www.cdiscount.com/pdt2/5/7/0/4/065x065/row3121040081570/rw/rowenta-vu5870f0-turbo-silence-extreme-ventilateu.jpg', 'https://www.cdiscount.com/pdt2/5/7/0/5/065x065/row3121040081570/rw/rowenta-vu5870f0-turbo-silence-extreme-ventilateu.jpg'], 'description': ['ROWENTA VU5870F0 Turbo Silence Extrême+ Ventilateur sur pied, Silencieux, Puissant, 5 vitesses, Télécommande, Arrêt automatique', ''], 'page_seller': '/mpvv-147145-AC-Electro.html', 'offer_count': '16 neufs', 'out_of_stock': '', 'sold': '', 'offers': [{'seller_price': '136\n€99', 'seller_name': 'BOUTIQUE OFFICIELLE SEB', 'shipping_rate_price': 'Gratuit', 'expedition_country': '', 'sales_realized': '21117', 'seller_rating': 'Évaluations(257                            avis)\n4,8/5', 'state': 'Neuf'}, {'seller_price': '149\n€00', 'seller_name': 'Stacca', 'shipping_rate_price': 'Gratuit', 'expedition_country': 'MONACO', 'sales_realized': '', 'seller_rating': '', 'state': 'Neuf'}, {'seller_price': '153\n€00', 'seller_name': 'UBALDI', 'shipping_rate_price': 'Gratuit', 'expedition_country': 'FRANCE', 'sales_realized': '24676', 'seller_rating': 'Évaluations(319                            avis)\n4,4/5', 'state': 'Neuf'}, {'seller_price': '160\n€00', 'seller_name': 'AC-Electro', 'shipping_rate_price': 'Gratuit', 'expedition_country': 'BELGIQUE', 'sales_realized': '16440', 'seller_rating': 'Évaluations(1993                            avis)\n4,5/5', 'state': 'Neuf'}, {'seller_price': '166\n€74', 'seller_name': 'Weip Store', 'shipping_rate_price': 'Gratuit', 'expedition_country': 'PORTUGAL', 'sales_realized': '450', 'seller_rating': 'Évaluations(4                            avis)\n4,5/5', 'state': 'Neuf'}, {'seller_price': '174\n€99', 'seller_name': 'Mondo Top', 'shipping_rate_price': 'Gratuit', 'expedition_country': 'ITALIE', 'sales_realized': '1308', 'seller_rating': 'Évaluations(90                            avis)\n4,4/5', 'state': 'Neuf'}, {'seller_price': '175\n€43', 'seller_name': 'ZOOMICI', 'shipping_rate_price': 'Gratuit', 'expedition_country': 'FRANCE', 'sales_realized': '3022', 'seller_rating': 'Évaluations(210                            avis)\n3,9/5', 'state': 'Neuf'}, {'seller_price': '178\n€74', 'seller_name': 'MILE SHOP', 'shipping_rate_price': 'Gratuit', 'expedition_country': 'CHINE', 'sales_realized': '163007', 'seller_rating': 'Évaluations(21452                            avis)\n4/5', 'state': 'Neuf'}, {'seller_price': '178\n€88', 'seller_name': '2KINGS', 'shipping_rate_price': 'Gratuit', 'expedition_country': 'FRANCE', 'sales_realized': '24', 'seller_rating': 'Évaluation(0                            avis)\nAucun avis', 'state': 'Neuf'}, {'seller_price': '179\n€99', 'seller_name': 'Yeppon', 'shipping_rate_price': 'Gratuit', 'expedition_country': 'ITALIE', 'sales_realized': '19107', 'seller_rating': 'Évaluations(2532                            avis)\n4,5/5', 'state': 'Neuf'}], 'prouct_sheet_link': 'https://www.cdiscount.com/bricolage/climatisation/rowenta-vu5870f0-turbo-silence-extreme-ventilateu/f-1661302-row3121040081570.html?idOffre=1730339269#mpos=0|mp'}, 'product_23': {'ean': '8806094726039', 'title': 'SAMSUNG Galaxy S23+ 256Go Lavande', 'seller_price': '1287\n€03', 'seller_name_fp': 'AC-Electro', 'captcha': '', 'seller_listing': '/mp-3616-sam8806094726039.html?Filter=New', 'product_image': ['https://www.cdiscount.com/pdt2/0/3/9/1/065x065/sam8806094726039/rw/samsung-galaxy-s23-256go-lavande.jpg', 'https://www.cdiscount.com/pdt2/0/3/9/2/065x065/sam8806094726039/rw/samsung-galaxy-s23-256go-lavande.jpg', 'https://www.cdiscount.com/pdt2/0/3/9/3/065x065/sam8806094726039/rw/samsung-galaxy-s23-256go-lavande.jpg', 'https://www.cdiscount.com/pdt2/0/3/9/4/065x065/sam8806094726039/rw/samsung-galaxy-s23-256go-lavande.jpg', 'https://www.cdiscount.com/pdt2/0/3/9/5/065x065/sam8806094726039/rw/samsung-galaxy-s23-256go-lavande.jpg', 'https://www.cdiscount.com/pdt2/0/3/9/6/065x065/sam8806094726039/rw/samsung-galaxy-s23-256go-lavande.jpg', 'https://www.cdiscount.com/pdt2/0/3/9/7/065x065/sam8806094726039/rw/samsung-galaxy-s23-256go-lavande.jpg', 'https://www.cdiscount.com/pdt2/0/3/9/8/065x065/sam8806094726039/rw/samsung-galaxy-s23-256go-lavande.jpg', 'https://www.cdiscount.com/pdt2/0/3/9/9/065x065/sam8806094726039/rw/samsung-galaxy-s23-256go-lavande.jpg'], 'description': ['SAMSUNG Galaxy S23+ 256Go Lavande - Capteur 50 Mp - Ultra grand angle 12Mp - Téléobjectif 10 Mp avec zoom optique 3x - Ecran de 6,6"" - Matériaux recyclés utilisés - Processeur Qualcomm Snapdragon 8 Gen2 à la pointe - Batterie de 4700mAh', '', 'PUBLICITÉ', 'Tableau de caractéristiques du produit', 'Caractéristique', 'Description', 'Informations générales sur le produit', 'Marque', 'SAMSUNG', '', 'Nom du produit', 'SAMSUNG Galaxy S23+ 256Go Lavande', 'Catégorie', 'SMARTPHONE', 'Référence', 'SM-S916BLIDEUB', 'Informations sur le produit', 'Sous-état', 'Neuf', 'Couleur(s)', 'Lavande', 'Notes', 'SAMSUNG Galaxy S23+ 256Go Lavande', 'Information DAS', 'Le DAS (débit d’absorption spécifique) des téléphones mobiles quantifie le niveau d’exposition', 'Capacité (mémoire)', '256Go', 'Indice de réparabilité', '8,2', 'Adaptateur secteur', 'Non', 'Ecouteur filaire', 'Non', 'Général', 'Type de produit', 'Smartphone', 'Modèle de téléphone', 'S23+', 'Résistance', 'Certification IP68', 'Localisation', 'GPS, GLONASS, Beidou, Galileo', 'Couleur du boitier', 'Lavande', 'Profondeur', '15,78 cm', 'Largeur', '7,62 cm', 'Hauteur', '0,76 cm', 'Poids', '195g', 'Valeur DAS', 'DAS tête : 0.766W/kg - DAS corps : 1.453W/kg - DAS membres : 3.01W/kg', ""Système d'exploitation"", 'Android 13', 'Type de Produit', 'Smartphone', 'Téléphone mobile', ""Système d'exploitation"", 'Android 13', 'Génération à haut débit mobile', '5G', ""Périphérique(s) d'entrée"", 'USB Type-C', 'Interface utilisateur', 'One UI 5.1', 'Type de carte SIM', 'Nano SIM', 'Capacité de carte Multi SIM', 'Compatible E-SIM (2 SIM physiques + 1 eSIM)', 'Technologie de paiement', 'Samsung Pay', 'Navigation', 'GPS, GLONASS, BeiDou, Galileo', 'Assistant intelligent', 'Bixby, Google Assistant et Alexa', 'Processeur', 'Type', 'Snapdragon 8Gen2', 'Processeur', 'Processus de gravure 4nm', 'Affichage', ""Taille d'écran"", '6.6""', 'Technologie', 'Dynamic AMOLED 2X', 'Résolution écran', 'Full HD+ : 2340 x 1080p', 'Caractéristiques', 'Always-on Display', 'Type', 'Ecran Infinity-O', 'Densité des pixels', '393ppp', 'Protection', 'Gorilla Glass Victus 2', 'Taille de la diagonale', '6.6""', ""Résolution d'écran"", 'Full HD+ : 2340 x 1080p', 'Diagonale', '6.6""', 'HDR', 'HDR10+', 'Fréquence de rafraichissement', '120Hz adaptatif (48-120Hz)', 'Technologie HDR', 'HDR10+', 'Ecran tactile', 'Oui', 'Résolution', 'Full HD+ : 2340 x 1080p', 'Appareil photo numérique', 'Résolution du Capteur', 'Capteur principal : 50MP', 'Caractéristiques', '3 capteurs - Flash LED - Optimiseur de scènes, cadrage auto - Lancement rapide - HDR10', ""Résolutions de l'enregistreur vidéo"", 'Enregistrement en 8k 30fps (principal) - Enregistrement en 4K 60fps (principal et selfie) - Enregistrement en FHD 60fps (principal)', 'Résolution de la caméra avant', '12MP', 'Système de navigation', 'Logiciels et services de navigation', 'GPS, GLONASS, Beidou, Galileo', 'Communications', 'Interface sans fil', 'WiFi 802.11 a/b/g/n/ac/ax - (Wi-Fi 6E), UWB 2.4GHz, 5GHz, 6GHz - Bluetooth 5.3 - NFC', 'Profils Bluetooth', 'Bluetooth 5.3', '2G Band', 'DCS1800, GSM850, GSM900, PCS1900', '4G LTE Band', 'B1, B2, B3, B4, B5, B7, B8, B12, B13, B17, B18, B19, B20, B25, B26, B28, B32, B38,B39, B40, B41, B66', 'Bande 3G UMTS', 'B1(2100), B2(1900), B5(850), B8(900)', 'Bande 5G NR', 'n1, n2, n3, n5, n7, n8, n12, n20, n25, n28, n38, n40, n41, n66, n75, n77, n78', 'Caractéristiques du téléphone', 'Fonctions du téléphone', 'Appels, SMS, MMS, photos, vidéos, musique, connextion internet, agenda, applications bureautique, applications multimédia', 'Capteurs', 'Capteur d’empreinte digitale sous l’écran, Reconnaissance faciale, Accéléromètre, baromètre, gyroscope, Capteur de luminosité, proximité, magnétique', 'Fonctions supplémentaires', 'Apps Samsung (Galaxy store, Bixby, Samsung Members, Samsung TV, SmartThings, Smart Switch, Samsung Wallet, Samsung Notes, Game Launcher...) - Apps Google (Chrome, Gmail, Maps, Play Films & TV, Play Store, Photos, Youtube, Drive, Duo…) - Autres apps (Onedrive, Facebook, Linkedin, Outlook, Spotify...)', 'Technologie de sécurité', 'Android - Secured by Knox', 'Lecteur multimédia', 'Normes vidéo numériques prises en charge', 'Lecture jusqu’en 8K 30fps', 'Mémoire', 'RAM', '8Go', 'ROM', '256Go', 'Capacité de la mémoire interne', '256Go', 'Connexions', 'Type de connecteur', 'USB Type-C', 'Batterie', 'Capacité', '4700 mAh', 'Chargement sans fil', 'sans fil 10W - Partage d’énergie sans fil', 'Technologie de charge rapide', 'Charge rapide filaire 45W', 'Divers', 'Couleur', 'Lavande', 'Caméra avant', 'Résolution du capteur', '12MP', 'Fonctionnalités', 'Selfie paume - Autofocus', ""Ouverture de l'objectif"", 'f/2.2', 'Mode HDR', 'HDR10+', 'Source de lumière', 'Flash avant', 'Taille de capteur', '25mm', 'Caméra arrière', 'Effets spéciaux', 'Single take, Photo, Vidéo, Nuit, Pro,AR Doodle, Panorama, Nourriture, Portrait, Vidéo Portrait, Vidéo Pro, Super Ralenti, Ralenti, Hyperlapse, Vue du Réalisateur, IA restauration', 'Résolution du capteur', '50 Mp', ""Ouverture de l'objectif"", 'Ouverture f/1.8', 'Type de capteur', 'Optique principale', ""Ouverture d'objectif"", 'Angle d’ouverture à 85°', 'Source de lumière', 'Flash LED', 'Mode HDR', 'HDR10+', 'Taille de capteur', '23mn', 'Deuxième caméra arrière', ""Ouverture de l'objectif"", 'f/2.2', ""Type d'objectif"", 'Optique Ultra Grand Angle', 'Caractéristiques', '12MP, Angle d’ouverture à 120°', 'Taille de capteur', '13mm', 'Vos garanties incluses', 'Garantie (²)', '2 ans', 'Observations', 'Dans le cas où une garantie commerciale est proposée par le vendeur, celle-ci ne fait pas obstacle à', 'l’application de la garantie légale de conformité et/ou à la garantie des vices cachés. Voir', 'conditions de cette garantie commerciale dans les CGV du vendeur et/ou dans les CGU Marketplace', 'Troisième caméra arrière', 'Ouverture de lentille', 'f/2.4', 'Résolution de capteur', '10MP', 'Caractéristiques', 'Angle d’ouverture à 36°', 'Nom de capteur', 'Téléobjectif', 'Zoom optique', 'Zoom optique 3x', 'Caméra principale', 'Caractéristiques', 'Single take, Photo, Vidéo, Nuit, Pro,AR Doodle, Panorama, Nourriture, Portrait, Vidéo Portrait, Vidéo Pro, Super Ralenti, Ralenti, Hyperlapse, Vue du Réalisateur, IA restauration', 'Résolution du capteur', '50 Mp', 'Résolutions vidéo', 'Angle d’ouverture à 85°', 'Source de lumière', 'Flash LED', ""Type d'objectif"", 'Optique principale', ""Ouverture d'objectif"", 'Ouverture f/1.8', 'Taille de capteur', '23mn', 'Mode HDR', 'HDR10+', 'Deuxième caméra', 'Résolution du capteur', '12MP', ""Ouverture de l'objectif"", 'f/2.2', 'Caractéristiques', '12MP, Angle d’ouverture à 120°', 'Taille de capteur', '13mm', 'Troisième caméra', 'Ouverture de lentille', 'f/2.4', 'Résolution du capteur', '10MP', 'Caractéristiques', 'Angle d’ouverture à 36°', ''], 'page_seller': '/mpvv-147145-AC-Electro.html', 'offer_count': '13 neufs', 'out_of_stock': '', 'sold': '', 'offers': [{'seller_price': '816\n€00', 'seller_name': 'Neondigital', 'shipping_rate_price': '9,99€', 'expedition_country': 'LUXEMBOURG', 'sales_realized': '3604', 'seller_rating': 'Évaluations(149                            avis)\n4,4/5', 'state': 'Neuf'}, {'seller_price': '977\n€71', 'seller_name': 'ZOOMICI', 'shipping_rate_price': 'Gratuit', 'expedition_country': 'FRANCE', 'sales_realized': '163146', 'seller_rating': 'Évaluations(21452                            avis)\n4/5', 'state': 'Neuf'}, {'seller_price': '1059\n€00', 'seller_name': 'Cdiscount', 'shipping_rate_price': 'Livraison à domicile ou en point retrait', 'expedition_country': '', 'sales_realized': '', 'seller_rating': '', 'state': 'Neuf'}, {'seller_price': '1071\n€85', 'seller_name': 'Super 10count', 'shipping_rate_price': 'Gratuit', 'expedition_country': 'FRANCE', 'sales_realized': '5543', 'seller_rating': 'Évaluations(329                            avis)\n3,8/5', 'state': 'Neuf'}, {'seller_price': '1089\n€25', 'seller_name': 'Icoza', 'shipping_rate_price': 'Gratuit', 'expedition_country': 'FRANCE', 'sales_realized': '30906', 'seller_rating': 'Évaluations(2302                            avis)\n4,2/5', 'state': 'Neuf'}, {'seller_price': '1233\n€26', 'seller_name': 'Gpas Plus', 'shipping_rate_price': 'Gratuit', 'expedition_country': 'FRANCE', 'sales_realized': '3580', 'seller_rating': 'Évaluations(367                            avis)\n3,9/5', 'state': 'Neuf'}, {'seller_price': '1287\n€03', 'seller_name': 'AC-Electro', 'shipping_rate_price': 'Gratuit', 'expedition_country': 'BELGIQUE', 'sales_realized': '456', 'seller_rating': 'Évaluations(4                            avis)\n4,5/5', 'state': 'Neuf'}, {'seller_price': '1280\n€36', 'seller_name': 'Macservice', 'shipping_rate_price': '13,00€', 'expedition_country': 'PORTUGAL', 'sales_realized': '255', 'seller_rating': 'Évaluations(8                            avis)\n4,4/5', 'state': 'Neuf'}, {'seller_price': '1373\n€02', 'seller_name': 'ASdiscount', 'shipping_rate_price': 'Gratuit', 'expedition_country': 'FRANCE', 'sales_realized': '114574', 'seller_rating': 'Évaluations(39024                            avis)\n4,1/5', 'state': 'Neuf'}, {'seller_price': '1376\n€99', 'seller_name': 'BLAN SRL', 'shipping_rate_price': '8,92€', 'expedition_country': 'ITALIE', 'sales_realized': '57', 'seller_rating': 'Évaluation(0                            avis)\nAucun avis', 'state': 'Neuf'}], 'prouct_sheet_link': 'https://www.cdiscount.com/telephonie/telephone-mobile/samsung-galaxy-s23-256go-lavande/f-1440402-sam8806094726039.html?idOffre=2509716621#mpos=0|mp'}, 'product_24': {'ean': '8806094843378', 'title': 'SAMSUNG Galaxy A14 4G Argenté 64 Go', 'seller_price': '194\n€79', 'seller_name_fp': 'AC-Electro', 'captcha': '', 'seller_listing': '/mp-3616-sam8806094843378.html?Filter=New', 'product_image': ['https://www.cdiscount.com/pdt2/3/7/8/1/065x065/sam8806094843378/rw/samsung-galaxy-a14-4g-argente-64-go.jpg', 'https://www.cdiscount.com/pdt2/3/7/8/2/065x065/sam8806094843378/rw/samsung-galaxy-a14-4g-argente-64-go.jpg', 'https://www.cdiscount.com/pdt2/3/7/8/3/065x065/sam8806094843378/rw/samsung-galaxy-a14-4g-argente-64-go.jpg', 'https://www.cdiscount.com/pdt2/3/7/8/4/065x065/sam8806094843378/rw/samsung-galaxy-a14-4g-argente-64-go.jpg', 'https://www.cdiscount.com/pdt2/3/7/8/5/065x065/sam8806094843378/rw/samsung-galaxy-a14-4g-argente-64-go.jpg', 'https://www.cdiscount.com/pdt2/3/7/8/6/065x065/sam8806094843378/rw/samsung-galaxy-a14-4g-argente-64-go.jpg', 'https://www.cdiscount.com/pdt2/3/7/8/7/065x065/sam8806094843378/rw/samsung-galaxy-a14-4g-argente-64-go.jpg', 'https://www.cdiscount.com/pdt2/3/7/8/8/065x065/sam8806094843378/rw/samsung-galaxy-a14-4g-argente-64-go.jpg', 'https://www.cdiscount.com/pdt2/3/7/8/9/065x065/sam8806094843378/rw/samsung-galaxy-a14-4g-argente-64-go.jpg'], 'description': ['Écran 6,6’’ FHD+ - Triple capteur photo et selfie 13 MP - Capteur principal 50MP - Stockage extensible - Jusqu’à 2 jours d’autonomie', '', 'PUBLICITÉ', 'Tableau de caractéristiques du produit', 'Caractéristique', 'Description', 'Informations générales sur le produit', 'Marque', 'SAMSUNG', '', 'Nom du produit', 'SAMSUNG Galaxy A14 4G Argenté 64 Go', 'Catégorie', 'SMARTPHONE', 'Référence', 'SM-A145RZSUEUB', 'Informations sur le produit', 'Sous-état', 'Neuf', 'Couleur(s)', 'Argent', 'Notes', 'SAMSUNG A14 4G Argent 64 Go', 'Information DAS', 'Le DAS (débit d’absorption spécifique) des téléphones mobiles quantifie le niveau d’exposition', 'maximal de l’utilisateur aux ondes électromagnétiques, pour une utilisation à l’oreille.', 'La réglementation française impose que le DAS ne dépasse pas 2W/kg', 'Capacité (mémoire)', '64 Go', 'Indice de réparabilité', '8,8', 'Adaptateur secteur', 'Non', 'Général', 'Type de produit', 'Smartphone', 'Modèle de téléphone', 'A14 4G', 'Localisation', 'GPS, GLONASS, Beidou, Galileo, QZSS', 'Couleur du boitier', 'Gris', 'Livré avec', ""1. Smartphone 2. Câble USB-C 3. Clé d'éjection de la carte SIM 4. Guide de démarrage rapide"", 'Profondeur', '0.90999999999999992', 'Largeur', '7.8', 'Hauteur', '16.77', 'Poids', '201g', 'Valeur DAS', 'DAS tête : 0,90W/kg DAS corps : 1,05W/kg DAS membres : 1,84W/kg', 'Coloris disponibles', 'Lime, Noir, Argenté', 'Format', 'Tactile', ""Système d'exploitation"", 'Android 13', 'Type de Produit', 'smartphone', 'Téléphone mobile', ""Système d'exploitation"", 'Android 13', 'Technologie', 'One UI 5.1', 'Génération à haut débit mobile', '4G', 'Type de carte SIM', 'Dual SIM', 'Technologie de paiement', 'Samsung pay', 'Assistant intelligent', 'Bixby, Google Assistant et Alexa', 'Processeur', 'Type', 'MediaTek Helio G80 (MT6769)', 'Qté de coeur de processeur', 'Octo-core', ""Fréquence d'horloge du processeur"", '2.2GHz, 1,8GHz', 'Processeur', 'MediaTek Helio G80 (MT6769)', 'Affichage', ""Taille d'écran"", '6.6“', 'Technologie', 'TFT', 'Résolution écran', 'Full HD+ ; 2408 x 1080p ; 401ppp', 'Type', 'Ecran Infinity-V', 'Taille de la diagonale', '6.6“', ""Résolution d'écran"", 'Full HD+ ; 2408 x 1080p ; 401ppp', 'Fréquence de rafraichissement', '60 Hz', 'Ecran tactile', 'Oui', 'Résolution', 'Full HD+ ; 2408 x 1080p ; 401ppp', 'Appareil photo numérique', 'Résolution du Capteur', '50 MP', 'Caractéristiques', 'Optimiseur de scènes - Cadrage auto - Lancement rapide', ""Ouverture de l'objectif"", 'f/1.8', 'Résolution du capteur', '50 MP', ""Résolutions de l'enregistreur vidéo"", 'Enregistrement jusqu’en FHD 30fps - Lecture jusqu’en FHD 60fps', 'Source de lumière de la caméra', 'Flash LED', 'Résolution de la caméra arrière', '50 MP', 'Résolution de la caméra avant', '13MP', 'Système de navigation', 'Logiciels et services de navigation', 'GPS, GLONASS, Beidou, Galileo, QZSS', 'Navigation', 'Google Maps', 'Communications', 'Profils Bluetooth', 'Bluetooth 5.3', 'Bande 2G', 'DCS1800, GSM850, GSM900, PCS1900', 'Fréquence LTE 4G', 'B1, B3, B5, B7, B8, B20, B28, B38, B40, B41', 'Fréquence UMTS 3G', 'B1(2100), B5(850), B8(900)', 'Caractéristiques du téléphone', 'Fonctions du téléphone', 'Appels, SMS, MMS, photos, vidéos, musique, connextion internet, agenda, applications bureautique, applications multimédia', 'Capteurs', 'Capteur d’empreinte digitale sur la tranche - Accéléromètre, Capteur de luminosité, proximité capteur géomagnétique', 'Fonctions supplémentaires', 'Apps Samsung (Galaxy store, Bixby, Samsung Members, Samsung TV, SmartThings, Smart Switch, Samsung Wallet, Samsung Notes, Game Launcher...) - Apps Google (Chrome, Gmail, Maps, Play Films & TV, Play Store, Photos, Youtube, Drive, Duo…) - Autres apps (Onedrive, Facebook, Linkedin, Outlook, Spotify...)', 'Dispositifs de sécurité', 'Capteur d’empreinte digitale sur la tranche', 'Technologie de sécurité', 'Android - Secured by Knox', 'Lecteur multimédia', 'Améliorations sonores', 'Dolby Atmos', 'Mémoire', 'RAM', '4 Go', 'Mémoire intégrée', '64 Go', 'Capacité de la mémoire interne', '64 Go', 'Stockage', 'Port microSD jusqu’à 1To', 'Connexions', 'Type de connecteur', 'Prise jack 3,5mm, USB Type-C ; USB 2.0', 'Batterie', 'Capacité', '5000 mAh', 'Caméra avant', 'Résolution du capteur', '13MP', 'Fonctionnalités', 'Selfie paume', ""Ouverture de l'objectif"", 'Ouverture f/2.2', 'Source de lumière', 'Flash avant', 'Caméra arrière', 'Caractéristiques', 'Optimiseur de scènes - Cadrage auto - Lancement rapide', 'Résolution du capteur', '50MP', 'Source de lumière de la caméra', 'Flash LED', ""Ouverture de l'objectif"", 'f/1.8', 'Source de lumière', 'Flash LED', 'Mode HDR', 'Oui', 'Deuxième caméra arrière', ""Ouverture de l'objectif"", 'f/2.2', 'Résolution de capteur', '5MP', 'Nom de capteur', 'Portrait', 'Résolution du capteur', '5MP', 'Deuxième caméra avant', 'Résolution du capteur', '5MP', 'Ouverture de lentille', 'f/2.2', 'Vos garanties incluses', 'Garantie (²)', '2 ans', 'Observations', 'Dans le cas où une garantie commerciale est proposée par le vendeur, celle-ci ne fait pas obstacle à', 'l’application de la garantie légale de conformité et/ou à la garantie des vices cachés. Voir', 'conditions de cette garantie commerciale dans les CGV du vendeur et/ou dans les CGU Marketplace', 'Troisième caméra arrière', 'Ouverture de lentille', 'f/2.4', 'Résolution de capteur', '2MP', 'Résolution du capteur', '2MP', 'Nom de capteur', 'Macro', ''], 'page_seller': '/mpvv-147145-AC-Electro.html', 'offer_count': '19 neufs', 'out_of_stock': '', 'sold': '', 'offers': [{'seller_price': '150\n€47', 'seller_name': 'Icoza', 'shipping_rate_price': 'Gratuit', 'expedition_country': 'FRANCE', 'sales_realized': '30906', 'seller_rating': 'Évaluations(2303                            avis)\n4,2/5', 'state': 'Neuf'}, {'seller_price': '150\n€97', 'seller_name': 'FutureD', 'shipping_rate_price': 'Gratuit', 'expedition_country': 'ESTONIE', 'sales_realized': '4136', 'seller_rating': 'Évaluations(24                            avis)\n4/5', 'state': 'Neuf'}, {'seller_price': '151\n€00', 'seller_name': 'Super 10count', 'shipping_rate_price': 'Gratuit', 'expedition_country': 'FRANCE', 'sales_realized': '5543', 'seller_rating': 'Évaluations(329                            avis)\n3,8/5', 'state': 'Neuf'}, {'seller_price': '160\n€22', 'seller_name': 'ZOOMICI', 'shipping_rate_price': 'Gratuit', 'expedition_country': 'FRANCE', 'sales_realized': '163146', 'seller_rating': 'Évaluations(21452                            avis)\n4/5', 'state': 'Neuf'}, {'seller_price': '169\n€00', 'seller_name': 'UBALDI', 'shipping_rate_price': 'Gratuit', 'expedition_country': 'FRANCE', 'sales_realized': '16398', 'seller_rating': 'Évaluations(1993                            avis)\n4,5/5', 'state': 'Neuf'}, {'seller_price': '174\n€26', 'seller_name': 'Gpas Plus', 'shipping_rate_price': 'Gratuit', 'expedition_country': 'FRANCE', 'sales_realized': '3580', 'seller_rating': 'Évaluations(367                            avis)\n3,9/5', 'state': 'Neuf'}, {'seller_price': '177\n€60', 'seller_name': 'Tek4Life', 'shipping_rate_price': 'Gratuit', 'expedition_country': 'PORTUGAL', 'sales_realized': '954', 'seller_rating': 'Évaluations(19                            avis)\n4,7/5', 'state': 'Neuf'}, {'seller_price': '178\n€51', 'seller_name': 'ALPEXE France', 'shipping_rate_price': 'Gratuit', 'expedition_country': 'FRANCE', 'sales_realized': '31598', 'seller_rating': 'Évaluations(9837                            avis)\n4,1/5', 'state': 'Neuf'}, {'seller_price': '194\n€79', 'seller_name': 'AC-Electro', 'shipping_rate_price': 'Gratuit', 'expedition_country': 'BELGIQUE', 'sales_realized': '456', 'seller_rating': 'Évaluations(4                            avis)\n4,5/5', 'state': 'Neuf'}, {'seller_price': '178\n€20', 'seller_name': 'Tienda Siglo XXI', 'shipping_rate_price': '16,95€', 'expedition_country': 'ESPAGNE', 'sales_realized': '586', 'seller_rating': 'Évaluations(161                            avis)\n4,1/5', 'state': 'Neuf'}], 'prouct_sheet_link': 'https://www.cdiscount.com/telephonie/telephone-mobile/samsung-galaxy-a14-4g-argente-64-go/f-1440402-sam8806094843378.html?idOffre=2561142139#mpos=0|mp'}}",1688898574.220208
